Year NDay Positions each day    ; Flags -1=norace, 1=bumped & got bumped
2023   4  15  14  13  12  11   0   0   0   0
2022   4  11  12  13  14  15   0   0   0   0
2019   4  14  15  13  12  11   0   0   0   0
2018   4  13  12  12  13  14   0   0   0   0
2017   4  10  11  12  12  13   0   0   0   0
2016   4   9  10  11  11  10   0   0   0   0
2015   4   7   8   9   9   9   0   0   0   0
2014   4   6   7   7   7   7   0   0   0   0
2013   4   4   4   5   5   6   0   0   0   0
2012   4   1   2   3   4   4   0   0   0   0
2011   4   1   1   1   1   1   0   0   0   0
2010   4   2   1   1   1   1   0   0   0   0
2009   4   5   5   4   3   2   0   0   0   0
2008   4   8   8   7   6   5   0   0   0   0
2007   4  15  14  10   9   8   0   0   0   0
2006   4  18  17  17  16  15   0   0   0   0
2005   4  20  19  19  19  18   0   0   0   0
2004   4  22  22  22  21  20   0   0   0   0
2003   4  22  21  21  21  22   0   0   0   0
2002   4  21  22  23  23  22   0   0   0   0
2001   4  25  24  23  22  21   0   0   0   0
2000   4  24  25  25  25  25   0   0   0   0
1999   4  27  27  26  25  24   0   0   0   0
1998   4  29  29  29  28  27   0   0   0   0
1997   4  26  27  27  28  29   0   0   0   0
1996   4  28  27  27  26  26   0   0   0   0
1995   4  27  27  27  28  28   0   0   0   0
1994   4  29  28  28  28  27   0   0   0   0
1993   4  27  28  28  28  29   0  -1  -1   0
1992   4  29  29  29  28  27   0   0   0   0
1991   4  26  27  27  28  29   0   0   0   0
1990   4  26  25  26  26  26   0   0   0   0
1989   4  23  23  24  25  26   0   0   0   0
1988   4  24  23  22  22  23   0   0   0   0
1987   4  21  22  22  23  24   0   0   0   0
1986   4  19  19  20  21  21   0   0   0   0
1985   4  22  23  23  20  19   0   0   0   0
1984   4  21  22  22  22  22   0   0   0   0
1983   4  25  24  23  22  21   0   0   0   0
1982   4  28  28  27  26  25   0   0   0   0
1981   4  39  39  39  38  36   0   0   0   0
1980   4  37  37  36  36  36   0   0   0   0
