Year NDay Positions each day    ; Flags -1=norace, 1=bumped & got bumped
2023   4  54  53  53  54  56   0   0   0   0
2022   4  52  52  52  53  54   0   0   0   0
2019   4 999 999 999 999 999   0   0   0   0
2018   4  49  48  47  48  47   0   0   0   0
2017   4  49  50  50  50  50   0   0   0   0
2016   4  50  50  50  50  51   0   0   0   0
2015   4  49  49  48  49  50   0   0   0   0
2014   4  52  51  50  49  49   0   0   0   0
2013   4  50  51  52  53  54   0   0   0   0
2012   4  48  47  46  49  50   0   0   0   0
2011   4  48  48  49  49  48   0   0   0   0
2010   4  45  45  46  47  48   0   0   0   0
2009   4  50  48  47  46  45   0   0   0   0
2008   4  53  52  51  50  49   0   0   0   0
2007   4  55  55  54  53  52   0   0   0   0
2006   4  56  56  57  58  59   0   0   0   0
2005   4  60  59  58  57  56   0   0   0   0
2004   4  60  61  61  62  63   0   0   0   0
2003   4  72  72  71  70  69   0   0   0   0
2002   4 999 999 999 999 999   0   0   0   0
2001   4  62  62  62  63  64   0   0   0   0
2000   4 999 999 999 999 999   0   0   0   0
1999   4 999 999 999 999 999   0   0   0   0
1998   4 999 999 999 999 999   0   0   0   0
1997   4 999 999 999 999 999   0   0   0   0
1996   4 999 999 999 999 999   0   0   0   0
1995   4 999 999 999 999 999   0   0   0   0
1994   4  54  54  54  54  54   0   0   0   0
1993   4 999 999 999 999 999   0   0   0   0
1992   4  46  47  48  49  49   0   0   0   0
1991   4  48  47  48  47  46   0   0   0   0
1990   4  51  52  53  53  54   0   0   0   0
1989   4  59  58  57  56  56   0   0   0   0
1988   4 999 999 999 999 999   0   0   0   0
1987   4  42  42  43  44  45   0   0   0   0
1986   4  46  45  44  43  43   0   0   0   0
1985   4  52  51  51  50  50   0   0   0   0
1984   4 999 999 999 999 999   0   0   0   0
1983   4 999 999 999 999 999   0   0   0   0
1982   4 999 999 999 999 999   0   0   0   0
1981   4  45  45  45  44  44   0   0   0   0
