Year NDay Positions each day
1936   6   59  59  59  58  59  58  57
1937   6  999 999 999 999 999 999 999
1938   6   59  58  58  59  60  60  59
1939   6   54  54  53  52  51  49  48
1946   6   47  47  46  45  44  43  42
1947   6   42  42  42  41  41  41  42
1948   6   42  43  44  45  46  47  48
1949   6   48  49  50  51  52  53  54
1950   6   54  55  56  57  58  59  60
1951   6   60  61  61  62  63  64  65
1952   6   65  66  71  72  73  74  77
1953   6   74  73  72  71  70  70  71
1954   4   71  70  70  71  72
1955   4   69  68  67  66  65
1956   4   64  65  65  64  63
1957   4   63  63  64  65  66
1958   4   65  65  65  64  63
1959   4   63  64  64  64  63
1960   4   63  62  61  60  60
1961   4   60  60  61  62  63
1962   4   63  64  65  66  67
1963   4   67  68  69  70  71
1964   4  999 999 999 999 999
1965   4  999 999 999 999 999
1966   4   90  89  89  89  90
1967   4   89  90  89  90  90
1968   4   86  87  88  89  90
1969   4   88  87  87  87  87
1970   4   87  88  89  90  90
1971   4   81  82  82  82  81
1972   4   81  81  80  79  79
1973   4   79  80  81  82  85
1974   4   81  80  79  78  77
1975   4   77  78  79  80  81
1976   4   81  81  82  83  83
1977   4   83  82  81  80  79
1978   4   79  79  79  79  80
1979   4   87  88  88  87  87
1980   4   93  92  92  93  93
1981   4   82  82  82  83  83
1982   4  104 103 103 104 105
1983   4   78  77  76  76  75
1984   4  999 999 999 999 999
1985   4  102 103 103 104 105
1986   4   99 100  99  99 100
1987   4   94  95  96  97  98
1988   4   93  94  93  92  93
1989   4  999 999 999 999 999
1990   4   99 100 100  99  98
1991   4   95  96  95  94  94
1992   4  999 999 999 999 999
1993   4  999 999 999 999 999
1994   4  999 999 999 999 999
1995   4  999 999 999 999 999
1996   4  999 999 999 999 999
1997   4  999 999 999 999 999
1998   4   92  91  91  91  90
1999   4  999 999 999 999 999
2000   4  999 999 999 999 999
2001   4   81  81  82  81  81
2002   4  999 999 999 999 999
2003   4  999 999 999 999 999
2004   4  999 999 999 999 999
2005   4  999 999 999 999 999
2006   4  999 999 999 999 999
2007   4  999 999 999 999 999
2008   4  999 999 999 999 999
2009   4  999 999 999 999 999
2010   4   84  84  84  83  82
2011   4  999 999 999 999 999
2012   4  999 999 999 999 999
2013   4  999 999 999 999 999
2014   4  999 999 999 999 999
2015   4  999 999 999 999 999
2016   4   91  90  89  87  86
2017   4   82  81  80  78  77
