Year NDay Positions each day    Flags 1=bumped & got bumped
1925   6   35  36  36  35  36  36  36   0   0   0   0   0   0   0
1926   6  999 999 999 999 999 999 999   0   0   0   0   0   0   0
1927   6  999 999 999 999 999 999 999   0   0   0   0   0   0   0
1928   6  999 999 999 999 999 999 999   0   0   0   0   0   0   0
1929   4  999 999 999 999 999   0   0   0   0   0
1930   6  999 999 999 999 999 999 999   0   0   0   0   0   0   0
1931   6   37  36  35  35  34  33  32   0   0   0   0   0   0   0
1932   6   32  32  32  31  30  29  28   0   0   0   0   0   0   0
1933   6   28  31  30  30  31  31  32   0   0   0   0   0   0   0
1934   6  999 999 999 999 999 999 999   0   0   0   0   0   0   0
1935   6   40  41  42  42  43  44  44   0   0   0   0   0   0   0
1936   6   41  42  43  43  43  43  43   0   0   0   0   0   0   0
1937   6   41  42  42  43  42  43  43   0   0   0   0   0   0   0
1938   6   41  42  43  43  43  42  41   0   0   0   0   0   0   0
1939   6  999 999 999 999 999 999 999   0   0   0   0   0   0   0
1946   6  999 999 999 999 999 999 999   0   0   0   0   0   0   0
1947   6  999 999 999 999 999 999 999   0   0   0   0   0   0   0
1948   6   45  45  45  45  44  44  44   0   0   0   0   0   0   0
1949   4   44  44  45  45  46   0   0   0   0   0
1950   6  999 999 999 999 999 999 999   0   0   0   0   0   0   0
1951   6  999 999 999 999 999 999 999   0   0   0   0   0   0   0
1952   6  999 999 999 999 999 999 999   0   0   0   0   0   0   0
1953   6  999 999 999 999 999 999 999   0   0   0   0   0   0   0
1954   6   46  45  44  43  42  42  41   0   0   0   0   0   0   0
1955   6   40  39  38  36  36  36  35   0   0   0   0   0   0   0
1956   4   35  35  35  34  33   0   0   0   0   0
1957   4   33  32  32  33  34   0   0   0   0   0
1958   4   34  35  35  36  37   0   0   0   0   0
1959   4   36  36  35  34  34   0   0   0   0   0
1960   4  999 999 999 999 999   0   0   0   0   0
1961   4   40  39  37  37  37   0   0   0   0   0
1962   4   37  36  36  37  38   0   0   0   0   0
1964   4  999 999 999 999 999   0   0   0   0   0
1965   4  999 999 999 999 999   0   0   0   0   0
1966   4  999 999 999 999 999   0   0   0   0   0
1967   4   48  49  49  49  49   0   0   0   0   0
1968   4  999 999 999 999 999   0   0   0   0   0
1969   4  999 999 999 999 999   0   0   0   0   0
1970   4  999 999 999 999 999   0   0   0   0   0
1971   4   49  51  48  47  47   0   0   0   0   0
1972   4  999 999 999 999 999   0   0   0   0   0
1973   4  999 999 999 999 999   0   0   0   0   0
1974   4  999 999 999 999 999   0   0   0   0   0
1975   4  999 999 999 999 999   0   0   0   0   0
1976   4  999 999 999 999 999   0   0   0   0   0
1978   4  999 999 999 999 999   0   0   0   0   0
1979   4  999 999 999 999 999   0   0   0   0   0
1980   4   68  66  66  65  64   0   0   0   0   0
1981   4   63  63  65  65  64   0   0   0   0   0
1982   4   66  65  65  67  67   0   0   0   0   0
1983   4   81  83  83  82  82   0   0   0   0   0
1984   4   74  75  76  76  78   0   0   0   0   0
1985   4   73  71  70  69  68   0   0   0   0   0
1986   4  999 999 999 999 999   0   0   0   0   0
1987   4  999 999 999 999 999   0   0   0   0   0
1988   4   85  84  84  83  83   0   0   0   0   0
1989   4   77  77  78  83  85   0   0   0   0   0
1990   4  999 999 999 999 999   0   0   0   0   0
1991   4   76  77  76  74  71   0   0   0   0   0
1992   4   67  73  73  73  74   0   0   0   0   0
1993   4  999 999 999 999 999   0   0   0   0   0
1994   4  999 999 999 999 999   0   0   0   0   0
1995   4  999 999 999 999 999   0   0   0   0   0
1996   4   80  79  79  78  77   0   0   0   0   0
1997   4   70  68  67  66  68   0   0   0   0   0
1998   4   64  63  69  69  69   0   0   0   0   0
1999   4   66  66  66  66  64   0   0   0   0   0
2001   4  999 999 999 999 999   0   0   0   0   0
2003   4  999 999 999 999 999   0   0   0   0   0
2004   4  999 999 999 999 999   0   0   0   0   0
2005   4   66  64  63  62  61   0   0   0   0   0
2006   4   61  63  64  63  63   0   0   0   0   0
2008   4  999 999 999 999 999   0   0   0   0   0
2009   4  999 999 999 999 999   0   0   0   0   0
2010   4   70  70  70  69  68   0   0   0   0   0
2011   4   66  71  72  72  71   0   0   0   0   0
2012   4  999 999 999 999 999   0   0   0   0   0
2013   4  999 999 999 999 999   0   0   0   0   0
2015   4   65  66  66  68  68   0   0   0   0   0
2016   4   64  64  64  64  65   0   0   0   0   0
2017   4   61  63  62  62  61   0   0   0   0   0
