Year NDay Positions each day    ; Flags -1=norace, 1=bumped & got bumped
2023   4  64  64  63  62  62   0   0   0   0
2022   4 999 999 999 999 999   0   0   0   0
2021   4  44  43  42  45  46   0   0   0   0
2019   4  41  43  43  47  49   0   0   0   0
2018   4  43  41  41  41  41   0  -1   0  -1
2017   4  49  47  46  44  43   0   0   0   0
2016   4  47  47  48  48  47   1   1   0   0
2015   4  54  53  52  51  50   0   0   0   0
2013   4 999 999 999 999 999   0   0   0   0
2012   4  45  45  47  49  50   0   0   0   0
2011   4  38  40  45  46  46   0   0   1   0
2010   4  36  36  36  37  38  -1   0   0   0
2009   4  36  35  35  36  35   0   0   0   0
2008   4  42  41  39  38  36   0   0   0   0
2006   4  56  56  55  54  53   1   0   0   0
2005   4 999 999 999 999 999   0   0   0   0
2004   4  59  57  57  58  57   0   0   0   0
2003   4 999 999 999 999 999   0   0   0   0
2001   4 999 999 999 999 999   0   0   0   0
1999   4  58  58  58  58  57  -1  -1  -1   1
1998   4 999 999 999 999 999   0   0   0   0
1997   4 999 999 999 999 999   0   0   0   0
1996   4  46  49  48  47  46   0   0   0   0
1995   4 999 999 999 999 999   0   0   0   0
1994   4 999 999 999 999 999   0   0   0   0
1993   4 999 999 999 999 999   0   0   0   0
1992   4 999 999 999 999 999   0   0   0   0
1991   4 999 999 999 999 999   0   0   0   0
1989   4  59  58  57  55  54   0   0   0   0
1988   4 999 999 999 999 999   0   0   0   0
1987   4 999 999 999 999 999   0   0   0   0
1986   4 999 999 999 999 999   0   0   0   0
1985   4  35  34  34  33  32   0   0   0   0
1984   4 999 999 999 999 999   0   0   0   0
1983   4 999 999 999 999 999   0   0   0   0
1982   4  36  37  37  36  37   0   0   0   0
1981   4  31  31  32  31  30   0   0   0   0
