Year NDay Positions each day    ; Flags -1=norace, 1=bumped & got bumped
2023   4  19  19  18  18  17   0   0   0   0
2022   4  12  11  13  17  19   0   0   0   0
2021   4   7   8  10  10  11   0   0   0   0
2019   4  15  14  12  11   9   0   0   0   0
2018   4  16  15  15  15  15   0  -1   0   0
2017   4  11  12  13  14  16   0   0   0   0
2016   4  10  10  11  11  11   0   0   1   0
2015   4  10  10  10   9  10   1   0   0   0
2013   4  18  17  15  12  10   0   0   0   0
2012   4  12  13  13  17  18   0   0   0   0
2011   4   9   8   8   9  12   0   0   0   0
2010   4  13  12  11  10   9   0   0   0   0
2009   4  13  13  14  14  13   0   0   0   0
2008   4  19  18  17  15  14   0   0   0   0
2006   4  24  23  22  20  19   0   0   0   0
2005   4  26  26  25  25  24   0   0   0   0
2004   4  14  23  24  25  26   0   0   0   0
2003   4  12  11  13  13  13   0   0   0  -1
2001   4  16  15  14  12  11   0   0   0   0
1999   4  23  21  20  19  18   0   0   0   0
1998   4  23  22  23  25  25   0   0   0  -1
1997   4  20  21  21  21  22   0   0   0   0
1996   4  26  24  23  22  21   0   0   0   0
1995   4 999 999 999 999 999   0   0   0   0
1994   4  25  27  27  27  27   0  -1  -1  -1
1993   4  20  20  21  23  25   0   0   0   0
1992   4  19  18  21  21  20   0   0   0   0
1991   4  21  20  20  20  19   0   0   0   0
1989   4  18  18  18  19  21   1   1   0   0
1988   4  12  13  16  16  18   0   0   0   0
1987   4  10   9   9  10  12   0   0   0   0
1986   4   9  10  10  10  10   0   0  -1   0
1985   4  14  11  10   9   9   0   0   0   0
1984   4  18  17  16  15  14   0   0   0   0
1983   4  23  23  21  20  18   0   0   0   0
1982   4  27  26  26  25  23   0   0   0   0
1981   4  28  29  28  27  27   0   0   0   0
1980   4  30  30  31  30  29   0   0   0   0
