Year NDay Positions each day    ; Flags -1=norace, 1=bumped & got bumped
2022   4  72  73  73  74  75   0   0   0   0
2019   4  77  76  77  78  79   0   0   0   0
2018   4  90  89  88  87  88   0   0   0   0
2017   4 999 999 999 999 999   0   0   0   0
2016   4 999 999 999 999 999   0   0   0   0
2015   4 999 999 999 999 999   0   0   0   0
2014   4  75  75  76  76  77   0   0   0   0
2013   4  77  77  78  79  80   0   0   0   0
2012   4  87  86  85  84  83   0   0   0   0
2011   4 999 999 999 999 999   0   0   0   0
2010   4 999 999 999 999 999   0   0   0   0
2009   4 999 999 999 999 999   0   0   0   0
2008   4 999 999 999 999 999   0   0   0   0
2007   4 999 999 999 999 999   0   0   0   0
2006   4 999 999 999 999 999   0   0   0   0
2005   4 999 999 999 999 999   0   0   0   0
2004   4  65  66  67  68  68   0   0   0   0
2003   4  72  72  71  68  67   0   0   0   0
2002   4  80  79  78  78  77   0   0   0   0
2001   4  84  85  85  85  85   0   0   0   0
2000   4  83  83  83  82  85  -1   0   0   0
1999   4  78  79  80  83  84   0   0   0   0
1998   4  84  83  82  81  80   0   0   0   0
1997   4  87  88  89  90  91   0   0   0   0
1996   4  97  97  96  96  96   0   0   0   0
1995   4 999 999 999 999 999   0   0   0   0
1994   4  95  94  93  93  94   0   0   0   0
1993   4 999 999 999 999 999   0   0   0   0
1992   4  93  92  91  91  92   0   0   0   0
1991   4 999 999 999 999 999   0   0   0   0
1990   4  77  78  79  80  81   0   0   0   0
1989   4  81  80  80  79  78   0   0   0   0
1988   4  85  84  83  83  82   0   0   0   0
1987   4  85  86  87  88  89   0   0   0   0
1986   4  76  75  75  76  77   0   0   0   0
1985   4  76  76  77  77  76   0   0   0   0
1984   4  80  80  79  78  77   0   0   0   0
1983   4 999 999 999 999 999   0   0   0   0
1982   4  94  94  95  96  97   0   0   0   0
1981   4  75  75  75  75  75   0   0   0   0
1980   4  84  83  82  82  82   0   0   0   0
1979   4 120 119 119 119 118   0   0   0   0
1978   4  76  76  76  75  74   0   0   0   0
1977   4  72  73  74  75  76   0   0   0   0
1976   4  68  69  70  71  72   0   0   0   0
1975   4  66  67  67  67  68   0   0   0   0
1974   4  63  63  64  65  66   0   0   0   0
1973   4  59  60  61  62  62   0   0   0   0
1972   4  54  55  56  57  58   0   0   0   0
1971   4  50  51  52  53  54   0   0   0   0
1970   4  53  52  52  51  50   0   0   0   0
1969   4  52  52  51  52  53   0   0   0   0
1968   4  56  55  54  53  52   0   0   0   0
1967   4  59  59  58  57  56   0   0   0   0
1966   4  64  63  62  60  59   0   0   0   0
1965   4  68  68  67  66  65   0   0   0   0
1964   4  65  66  67  68  69   0   0   0   0
1963   4  62  62  63  64  65   0   0   0   0
1962   4  66  65  64  63  62   0   0   0   0
1961   4  66  66  65  65  66   0   0   0   0
1960   4  62  63  64  65  66   0   0   0   0
1959   4  58  59  60  61  62   0   0   0   0
1958   4  55  56  56  57  58   0   0   0   0
1957   4  53  54  55  55  56   0   0   0   0
1956   4  54  53  53  54  53   0   0   0   0
1955   4  51  52  53  54  55   0   0   0   0
1954   4  46  49  50  50  51   0   0   0   0
1953   6  48  47  46  45  45  46  46   0   0   0   0   0   0
1952   6  44  45  46  46  47  48  48   0   0   0   0   0   0
1951   6  47  47  47  46  46  45  44   0   0   0   0   0   0
1950   6  45  46  47  47  46  46  47   0   0   0   0   0   0
1949   6  41  42  43  43  44  44  45   0   0   0   0   0   0
1948   6  43  42  42  41  40  40  41   0   0   0   0   0   0
1947   6  48  47  46  45  44  43  43   0   0   0   0   0   0
1946   6  53  52  52  52  51  50  48   0   0   0   0   0   0
1938   6 999 999 999 999 999 999 999   0   0   0   0   0   0
1937   6  44  43  43  44  45  46  47   0   0   0   0   0   0
1936   6  48  47  46  46  45  45  44   0   0   0   0   0   0
1935   6  50  51  50  50  49  49  48   0   0   0   0   0   0
1934   6  53  54  55  55  54  53  52   0   0   0   0   0   0
1933   6 999 999 999 999 999 999 999   0   0   0   0   0   0
1932   6  48  49  50  50  51  52  53   0   0   0   0   0   0
1931   6  49  49  48  48  48  48  49   0   0   0   0   0   0
