Year NDay Positions each day    ; Flags -1=norace, 1=bumped & got bumped
2023   4  54  54  54  54  54   1   1   0   1
2022   4  55  55  56  56  56   0   0   0   1
2021   4  54  55  57  56  58   0   0   0   0
2019   4 999 999 999 999 999   0   0   0   0
2018   4  59  58  58  58  58   0  -1   0  -1
2017   4 999 999 999 999 999   0   0   0   0
2016   4  52  54  52  51  50   0   0   0   0
2015   4  48  49  61  59  58   0   0   0   0
2013   4  51  51  50  49  48   0   0   0   0
2012   4  57  59  58  58  59   0   0   0   0
2011   4 999 999 999 999 999   0   0   0   0
2010   4  49  49  49  51  49  -1   0   0   0
2009   4  48  47  47  47  49   0   0   0   0
2008   4  49  50  50  50  53   0   0   1   0
2006   4 999 999 999 999 999   0   0   0   0
2005   4 999 999 999 999 999   0   0   0   0
2004   4  50  58  61  60  60   0   0   0   0
2003   4  56  55  53  52  52   0   0   0  -1
2001   4 999 999 999 999 999   0   0   0   0
1999   4 999 999 999 999 999   0   0   0   0
1998   4 999 999 999 999 999   0   0   0   0
1997   4  48  48  49  49  49   0   0   0   0
1996   4 999 999 999 999 999   0   0   0   0
1995   4 999 999 999 999 999   0   0   0   0
1994   4 999 999 999 999 999   0   0   0   0
1993   4 999 999 999 999 999   0   0   0   0
1992   4 999 999 999 999 999   0   0   0   0
1991   4  54  53  52  56  61   0   0   0   0
1989   4 999 999 999 999 999   0   0   0   0
1988   4 999 999 999 999 999   0   0   0   0
1987   4  44  43  49  48  47   0   0   0   0
1986   4 999 999 999 999 999   0   0   0   0
1985   4  26  26  25  25  25   0   0   0   0
1984   4  29  29  28  27  26   0   0   0   0
1983   4 999 999 999 999 999   0   0   0   0
1982   4 999 999 999 999 999   0   0   0   0
1981   4 999 999 999 999 999   0   0   0   0
1980   4  34  34  33  34  34   0   0   0   0
