Year NDay Positions each day    ; Flags -1=norace, 1=bumped & got bumped
2023   4  50  50  50  49  50   0   0   0   0
2022   4  49  50  50  51  52   0   1   0   0
2021   4  41  40  40  43  44   0   0   0   0
2019   4  48  47  47  46  46   0   1   0   0
2018   4  49  48  48  48  48   0  -1   0  -1
2017   4  47  46  45  44  48   0   0   0   0
2016   4  48  49  49  48  48   0   0   0   1
2015   4  53  52  51  50  48   0   0   0   0
2013   4  57  56  55  54  53   0   0   0   0
2012   4  59  59  59  58  58   0   1   0   1
2011   4  61  63  62  59  59   0   0   0   0
2010   4  60  60  60  60  61  -1  -1   1   0
2009   4  46  46  46  49  61   0   0   0   0
2008   4  43  43  42  43  46   0   0   0   0
2006   4  47  45  44  44  43   0   0   0   0
2005   4  51  50  48  48  47   0   0   0   0
2004   4  37  49  50  50  51   0   0   1   0
2003   4  31  32  34  37  37   0   0   0  -1
2001   4  37  36  35  33  31   0   0   0   0
1999   4  41  41  42  41  40   0   0   0   0
1998   4  42  41  43  42  42   0   0   0  -1
1997   4  38  40  40  40  41   0   1   0   0
1996   4  38  38  39  39  38   0   0   0   0
1995   4 999 999 999 999 999   0   0   0   0
1994   4  37  39  39  39  39   0  -1  -1  -1
1993   4  34  34  35  36  37   0   0   1   0
1992   4  31  31  32  32  34   0   0   0   0
1991   4  33  32  31  30  30   0   0   0   0
1990   4 999 999 999 999 999   0   0   0   0
1989   4  32  37  36  34  33   0   0   0   0
1988   4  36  34  33  32  32   0   0   0   1
1987   4  35  36  36  36  36   1   1   1   1
1986   4  39  38  36  36  35   0   0  -1   0
1985   4  41  40  40  39  38   0   0   0   0
1984   4  44  43  42  41  40   0   0   0   0
1983   4  40  42  43  44  44   0   0   0   0
1982   4  43  44  43  42  40   0   0   0   0
1981   4  48  47  46  45  43   0   0   0   0
1980   4  45  45  45  44  48   0   0   0   0
1979   4  52  50  47  45  45   0   0   0   0
1978   4  51  54  52  53  52   0   0   0   0
1976   4  51  50  51  51  52   0   0   0   0
1975   4  38  45  48  49  50   0   0   0   0
1974   4  40  40  39  37  38   0   0   0   0
1973   4  36  37  36  38  40   0   0   0   0
1972   4  42  41  40  39  39   0   0   0   0
1971   4  42  42  42  42  42   0   0   1   0
1970   4  50  47  45  45  44   0   0   0   0
1969   4 999 999 999 999 999   0   0   0   0
1968   4 999 999 999 999 999   0   0   0   0
1967   4 999 999 999 999 999   0   0   0   0
1966   4 999 999 999 999 999   0   0   0   0
1965   4 999 999 999 999 999   0   0   0   0
1964   4  34  33  33  35  35   0   0   0   0
1962   4  39  38  37  36  35   0   0   0   0
1961   4  35  37  38  39  39   1   0   0   0
1960   4  35  34  35  35  35   0   0   0   0
1959   4  33  33  34  35  36   0   0   0   0
1958   4  38  36  36  35  34   0   0   0   0
1957   4  37  37  37  37  38   0   0   0   0
1956   4  40  40  39  38  37   0   0   0   0
1955   6  34  35  36  37  38  39  40   0   0   0   0   0   0
1954   6  34  35  35  35  35  35  35   0   0   0   0   0   0
1953   6  28  29  30  31  32  33  34   0   0   0   0   0   0
1952   6  32  31  30  29  28  28  28   0   0   0   0   0   0
1951   6  28  28  28  29  30  31  32   0   0   0   0   0   0
1950   6  23  24  25  25  26  27  28   0   0   0   0   0   0
1949   4  25  24  24  23  23   0   0   0   0
1948   6  27  27  27  27  26  26  25   0   0   0   0   0   0
1947   6  22  22  23  24  25  26  27   0   0   0   0   0   0
1946   6  28  27  26  24  23  22  22   0   0   0   0   0   0
1938   6  31  31  32  32  32  33  34   0   0   0   0   0   0
1937   6  28  28  29  29  29  30  31   0   0   0   0   0   0
1936   6  25  25  26  27  27  27  28   0   0   0   0   0   0
1935   6  28  27  26  25  25  25  25   0   0   0   0   0   0
1934   6  34  33  32  31  30  29  28   0   0   0   0   0   0
1933   6  33  34  35  36  36  36  36   0   0   0   0   0   0
1932   6  29  30  31  32  33  33  34   0   0   0   0   0   0
1931   6  28  29  29  28  28  29  29   0   0   0   0   0   0
1930   6  30  29  28  27  27  28  28   0   0   0   0   0   0
1929   4  29  29  29  30  30   0   0   0   0
1928   6  28  28  28  28  28  29  29   0   0   0   0   0   0
1927   6  31  30  30  29  29  28  28   0   0   0   0   0   0
1926   6  30  30  30  31  31  31  31   0   0   0   0   0   0
1925   6  28  29  30  31  31  31  31   0   0   0   0   0   0
1924   6  26  26  26  27  28  28  28   0   0   0   0   0   0
1923   6  24  23  23  24  25  25  26   0   0   0   0   0   0
1922   6  29  28  28  27  26  25  24   0   0   0   0   0   0
1921   6  30  30  30  30  30  30  29   0   0   0   0   0   0
1920   6  28  28  28  28  29  29  30   0   0   0   0   0   0
1914   6  28  29  29  29  28  28  28   0   0   0   0   0   0
1913   6  26  26  27  27  27  28  28   0   0   0   0   0   0
1912   6  28  27  26  26  26  26  26   0   0   0   0   0   0
1911   6  33  33  32  31  30  29  28   0   0   0   0   0   0
1910   6  30  30  29  30  31  32  33   0   0   0   0   0   0
1909   6  28  29  29  29  29  30  31   0   0   0   0   0   0
1908   6  25  25  25  26  26  27  28   0   0   0   0   0   0
1907   6  25  25  25  25  25  25  25   0   0   0   0   0   0
1906   6  21  22  23  23  24  24  25   0   0   0   0   0   0
1905   6  21  22  23  23  22  21  21   0   0   0   0   0   0
1904   6  16  17  18  19  20  21  21   0   0   0   0   0   0
1903   6  17  17  17  17  16  16  16   0   0   0   0   0   0
1902   6  17  17  16  16  16  17  17   0   0   0  -1   0   0
1901   6  16  15  15  15  15  16  17   0   0   0   0   0   0
1900   6  14  15  15  15  15  16  16   0   0   0   0   0   0
1899   6   8   9  10  11  12  13  14   0   0   0   0   0   0
1898   6  14  13  12  10   9   9   8   0   0   0   0   0   0
1897   6  13  13  13  14  15  15  14   0   0   0   0   0   0
1896   6  12  12  13  13  13  13  13   0   0   0   0   0   0
1894   6   8   9   9  10  11  11  12   0   0   0   0   0   0
1893   6  14  13  12  11  10   9   8   0   0   0   0   0   0
1892   6  17  17  17  17  16  15  14   0   0   0   0   0   0
1891   6  17  17  16  16  17  17  17   0   0   0   0   0   0
1890   6  17  17  17  16  16  17  17   0   0   0   0   0   0
1889   6  20  20  20  19  18  17  17   0   0   0   0   0   0
1888   6  23  22  22  21  22  21  20   0   0   0   0   0   0
1887   6  27  26  25  25  25  24  23   0   0   0   0   0   0
1886   6 999 999 999 999 999 999 999   0   0   0   0   0   0
1885   6 999 999 999 999 999 999 999   0   0   0   0   0   0
1884   6  25  25  25  25  25  24  24   0   0   0   0   0   0
1883   6 999 999 999 999 999 999 999   0   0   0   0   0   0
1882   6 999 999 999 999 999 999 999   0   0   0   0   0   0
1881   6 999 999 999 999 999 999 999   0   0   0   0   0   0
1880   6  21  21  20  19  18  18  17   0   0   0   0   0   0
1879   6  21  22  21  21  21  22  23   0   0   0   0   0   0
1878   6  24  23  22  22  21  21  21   0   0   0   0   0   0
