Year NDay Positions each day    ; Flags -1=norace, 1=bumped & got bumped
2023   4  15  15  16  17  18   0   0   0   0
2022   4  19  17  17  16  15   0   0   0   0
2021   4  18  18  18  18  17   0   0   0   0
2019   4  23  22  21  20  20   0   0   0   0
2018   4  25  24  24  24  23   0  -1   0   0
2017   4  24  23  23  25  25   0   1   0   0
2016   4  23  23  24  24  24   1   1   0   1
2015   4  27  27  26  24  23   0   0   0   0
2013   4  33  31  30  28  27   0   0   0   0
2012   4  37  36  35  34  34   0   0   0   0
2011   4  31  34  34  37  37   0   0   0   0
2010   4  27  27  27  31  31   0   0   0   0
2009   4  30  29  28  27  26   0   0   0   0
2008   4  27  28  28  30  30   0   0   0   0
2006   4  22  22  25  26  28   0   0   0   0
2005   4  19  20  21  20  22   0   0   0   0
2004   4  22  21  21  20  19   0   0   0   0
2003   4  21  20  20  21  21   0   1   0  -1
2001   4  22  23  22  21  20   0   0   0   0
1999   4 999 999 999 999 999   0   0   0   0
1998   4  15  16  17  18  18   0   0   0  -1
1997   4  13  13  14  15  15   0   0   0   0
1996   4  15  14  15  15  14   0   0   0   0
1995   4 999 999 999 999 999   0   0   0   0
1994   4  16  15  15  15  15   0  -1  -1  -1
1993   4  11  13  13  15  16   0   0   0   0
1992   4   8   8   9  11  11   0   0   0   0
1991   4   9   8   7   7   8   0   0   0   0
1989   4  10   9   9   8   9   0   0   0   0
1988   4   8   8   8   9  10   0   0   0   0
1987   4  12  11  10   9   8   0   0   0   0
1986   4  16  15  14  14  12   0   0  -1   0
1985   4  10  13  14  15  16   0   0   0   0
1984   4  11  11  10  10  10   0   0   0   0
1983   4   9   9   8   9  11   0   0   0   0
1982   4   8   9  10  10   9   0   1   0   0
1981   4   6   5   6   6   8   0   0   0   0
1980   4   9   7   7   7   6   0   0   0   0
1979   4   5   4   6  10   9   0   0   0   0
1978   4   4   6   7   8   5   0   0   0   0
