Year NDay Positions each day    ; Flags -1=norace, 1=bumped & got bumped
2023   4  28  28  28  27  26   0   0   0   0
2022   4  26  26  27  27  28   0   0   0   0
2019   4  30  30  29  28  26   0   0   0   0
2018   4  29  30  30  30  30   0   0   0   0
2017   4  30  29  28  28  29   0   0   0   0
2016   4  27  28  29  30  31   0   0   0   0
2015   4  29  29  28  27  27   0   0   0   0
2014   4  30  29  29  28  28   0   0   0   0
2013   4  33  32  32  32  31   0   0   0   0
2012   4  29  30  31  32  33   0   0   0   0
2011   4  27  28  29  29  29   0   0   0   0
2010   4  23  24  25  26  27   0   0   0   0
2009   4  22  21  21  22  23   0   0   0   0
2008   4  26  25  24  23  22   0   0   0   0
2007   4  23  24  25  25  26   0   0   0   0
2006   4  19  20  21  22  23   0   0   0   0
2005   4  13  16  17  18  19   0   0   0   0
2004   4  14  15  15  14  13   0   0   0   0
2003   4  13  12  13  13  14   0   0   0   0
2002   4  13  14  14  14  13   0   0   0   0
2001   4  17  16  15  14  13   0   0   0   0
2000   4  12  13  14  16  17   0   0   0   0
1999   4   8   9  10  11  12   0   0   0   0
1998   4  11  10   9   8   8   0   0   0   0
1997   4   7   8   9  10  11   0   0   0   0
1996   4   7   7   7   7   7   0   0   0   0
1995   4   6   6   6   7   7   0   0   0   0
1994   4   4   4   5   5   6   0   0   0   0
1993   4   2   2   3   4   4   0   0   0   0
1992   4   2   2   2   2   2   0   0   0   0
1991   4   4   4   3   2   2   0   0   0   0
1990   4   6   5   5   4   4   0   0   0   0
1989   4   7   7   7   7   6   0   0   0   0
1988   4  11  10   9   8   7   0   0   0   0
1987   4  12  11  11  11  11   0   0   0   0
1986   4  12  11  11  12  12   0   0   0   0
1985   4  16  15  14  13  12   0   0   0   0
1984   4  19  19  18  17  16   0   0   0   0
1983   4  15  16  17  18  19   0   0   0   0
1982   4  13  12  13  14  15   0   0   0   0
1981   4  10  10  11  12  13   0   0   0   0
1980   4  11  11  12  11  10   0   0   0   0
1979   4  14  14  14  12  12   0   0   0   0
1978   4  12  13  13  14  14   0   0   0   0
1977   4 999 999 999 999 999   0   0   0   0
1976   4   9   9  10  10  11   0   0   0   0
