Year NDay Positions each day    Flags -1=norace, 1=bumped & got bumped
1939   6   42  42  42  42  42  42  41   0   0   0   0   0   0
1946   6  999 999 999 999 999 999 999   0   0   0   0   0   0
1947   6  999 999 999 999 999 999 999   0   0   0   0   0   0
1948   6  999 999 999 999 999 999 999   0   0   0   0   0   0
1949   4   48  47  46  46  45   0   0   0   0
1950   6   44  44  44  44  45  45  44   0   0   0   0   0   0
1951   6  999 999 999 999 999 999 999   0   0   0   0   0   0
1952   6  999 999 999 999 999 999 999   0   0   0   0   0   0
1953   6  999 999 999 999 999 999 999   0   0   0   0   0   0
1954   6  999 999 999 999 999 999 999   0   0   0   0   0   0
1955   6  999 999 999 999 999 999 999   0   0   0   0   0   0
1956   4  999 999 999 999 999   0   0   0   0
1957   4  999 999 999 999 999   0   0   0   0
1958   4   54  54  54  53  53   0   0   0   0
1959   4  999 999 999 999 999   0   0   0   0
1960   4  999 999 999 999 999   0   0   0   0
1961   4  999 999 999 999 999   0   0   0   0
1962   4   51  51  51  50  50   0   0   0   0
1964   4   42  42  42  42  42   0   1   0   0
1965   4  999 999 999 999 999   0   0   0   0
1966   4  999 999 999 999 999   0   0   0   0
1967   4  999 999 999 999 999   0   0   0   0
1968   4  999 999 999 999 999   0   0   0   0
1969   4  999 999 999 999 999   0   0   0   0
1970   4  999 999 999 999 999   0   0   0   0
1971   4  999 999 999 999 999   0   0   0   0
1972   4  999 999 999 999 999   0   0   0   0
1973   4  999 999 999 999 999   0   0   0   0
1974   4  999 999 999 999 999   0   0   0   0
1975   4  999 999 999 999 999   0   0   0   0
1976   4  999 999 999 999 999   0   0   0   0
1978   4  999 999 999 999 999   0   0   0   0
1979   4  999 999 999 999 999   0   0   0   0
1980   4  999 999 999 999 999   0   0   0   0
1981   4   73  73  74  75  75   0   0   0   0
1982   4  999 999 999 999 999   0   0   0   0
1983   4  999 999 999 999 999   0   0   0   0
1984   4   64  65  65  68  67   0   0   0   0
1985   4   66  65  63  62  63   0   0   0   0
1986   4   63  66  72  72  72   0   0  -1   1
1987   4   71  73  76  75  74   0   0   0   0
1988   4   70  71  72  73  74   0   1   0   0
1989   4   67  68  69  72  73   0   0   0   0
1990   4  999 999 999 999 999   0   0   0   0
1991   4   70  69  68  70  69   0   0   0   0
1992   4   65  65  68  67  66   0   0   0   0
1993   4  999 999 999 999 999   0   0   0   0
1994   4  999 999 999 999 999   0   0   0   0
1995   4  999 999 999 999 999   0   0   0   0
1996   4   83  82  83  83  83   0   0   0   0
1997   4   75  81  82  82  81   0   0   0   0
1998   4   70  73  73  73  73   0   0   0  -1
1999   4  999 999 999 999 999   0   0   0   0
2001   4  999 999 999 999 999   0   0   0   0
2003   4  999 999 999 999 999   0   0   0   0
2004   4  999 999 999 999 999   0   0   0   0
2005   4  999 999 999 999 999   0   0   0   0
2006   4  999 999 999 999 999   0   0   0   0
2008   4  999 999 999 999 999   0   0   0   0
2009   4  999 999 999 999 999   0   0   0   0
2010   4  999 999 999 999 999   0   0   0   0
2011   4  999 999 999 999 999   0   0   0   0
2012   4   70  68  67  66  64   0   0   0   0
2013   4   63  62  60  61  63   0   0   0   0
2015   4  999 999 999 999 999   0   0   0   0
2016   4  999 999 999 999 999   0   0   0   0
2017   4  999 999 999 999 999   0   0   0   0
2018   4  999 999 999 999 999   0   0   0   0
2019   4   72  73  73  73  73   0   0   0   0
