Year NDay Positions each day    ; Flags -1=norace, 1=bumped & got bumped
2023   4  51  50  49  48  47   0   0   0   0
2022   4  54  54  54  53  53   0   0   0   0
2019   4  50  51  52  53  54   0   0   0   0
2018   4  51  51  50  50  50   0   0   0   0
2017   4  49  49  48  47  52   0   0   0   0
2016   4  45  46  47  48  49   0   0   0   0
2015   4  45  43  43  44  45   0   0   0   0
2014   4  48  48  47  46  45   0   0   0   0
2013   4  49  49  50  50  49   0   0   0   0
2012   4  52  51  51  50  49   0   0   0   0
2011   4  53  52  51  52  52   0   0   0   0
2010   4  56  56  55  54  53   0   0   0   0
2009   4  53  54  55  56  56   0   0   0   0
2008   4  52  51  52  53  53   0   0   0   0
2007   4  52  53  53  53  53   0   0   0   0
2006   4  50  50  51  52  52   0   0   0   0
2005   4  46  47  48  49  50   0   0   0   0
2004   4  44  44  44  45  46   0   0   0   0
2003   4  44  45  45  44  44   0   0   0   0
2002   4  39  40  40  41  44   0   0   0   0
2001   4  40  39  39  38  38   0   0   0   0
2000   4  38  38  39  40  41   0   0   0   0
1999   4  41  40  39  39  38   0   0   0   0
1998   4  41  40  40  40  40   0   0   0   0
1997   4  47  46  45  44  43   0   0   0   0
1996   4  45  45  46  46  47   0   0   0   0
1995   4  43  43  44  44  45   0   0   0   0
1994   4  44  45  44  44  43   0   0   0   0
1993   4  40  41  42  43  44   0   0   0   0
1992   4  40  41  41  40  40   0   0   0   0
1991   4  38  38  39  39  40   0   0   0   0
1990   4  39  38  38  38  38   0   0   0   0
1989   4  44  41  40  40  39   0   0   0   0
1988   4  42  43  44  44  44   0   0   0   0
1987   4  40  40  41  41  42   0   0   0   0
1986   4  43  42  41  41  40   0   0   0   0
1985   4  44  43  42  42  43   0   0   0   0
1984   4  46  45  44  44  43   0   0   0   0
1983   4  45  46  46  46  46   0   0   0   0
1982   4  45  45  44  44  45   0   0   0   0
1981   4  47  46  46  46  45   0   0   0   0
1980   4  44  44  45  46  47   0   0   0   0
1979   4  45  45  45  45  44   0   0   0   0
1978   4  40  39  42  45  45   0   0   0   0
1977   4  40  41  41  40  40   0   0   0   0
1976   4  42  42  41  40  40   0   0   0   0
1975   4  40  40  40  41  42   0   0   0   0
1974   4  38  39  39  39  40   0   0   0   0
1973   4  34  35  36  37  38   0   0   0   0
1972   4  35  35  35  34  34   0   0   0   0
1971   4  33  33  34  35  35   0   0   0   0
1970   4  36  35  35  34  33   0   0   0   0
1969   4  38  38  38  37  36   0   0   0   0
1968   4  41  40  40  39  38   0   0   0   0
1967   4  39  40  40  41  41   0   0   0   0
1966   4  43  42  41  40  39   0   0   0   0
1965   4  40  40  41  42  43   0   0   0   0
1964   4  38  39  40  41  40   0   0   0   0
1963   4  37  37  38  38  38   0   0   0   0
1962   4  38  37  37  37  37   0   0   0   0
1961   4  37  36  36  37  38   0   0   0   0
1960   4  38  38  36  36  37   0   0   0   0
1959   4  36  36  36  37  38   0   0   0   0
1958   4  32  33  34  35  36   0   0   0   0
1957   4  35  34  33  33  32   0   0   0   0
1956   4  34  35  36  36  35   0   0   0   0
1955   4  31  32  33  33  34   0   0   0   0
1954   4  32  32  31  31  31   0   0   0   0
1953   6  27  28  29  30  31  31  32   0   0   0   0   0   0
1952   6  29  30  30  30  29  28  27   0   0   0   0   0   0
1951   6  26  27  28  29  29  29  29   0   0   0   0   0   0
1950   6  25  25  25  24  25  25  26   0   0   0   0   0   0
1949   6  24  25  25  24  25  25  25   0   0   0   0   0   0
1948   6  24  24  25  25  25  25  24   0   0   0   0   0   0
1947   6  28  28  27  27  26  25  24   0   0   0   0   0   0
1946   6  29  30  29  30  30  29  28   0   0   0   0   0   0
1938   6  26  27  28  29  30  30  31   0   0   0   0   0   0
1937   6  29  28  28  28  28  27  26   0   0   0   0   0   0
1936   6  31  30  30  30  30  29  29   0   0   0   0   0   0
1935   6  36  35  35  34  33  32  31   0   0   0   0   0   0
1934   6  37  36  36  35  35  36  36   0   0   0   0   0   0
1933   6  38  38  39  40  40  39  38   0   0   0   0   0   0
1932   6  33  34  35  36  37  37  38   0   0   0   0   0   0
1931   6  33  32  32  31  31  32  33   0   0   0   0   0   0
1930   6  28  28  29  30  31  32  33   0   0   0   0   0   0
1929   6  26  26  27  27  27  28  28   0   0   0   0   0   0
1928   6  23  24  25  25  25  26  26   0   0   0   0   0   0
1927   6  28  28  27  26  25  24  23   0   0   0   0   0   0
1926   4  27  28  29  29  29   0   0   0   0
1925   6  27  27  27  28  28  28  27   0   0   0   0   0   0
1924   6  32  31  30  29  28  27  27   0   0   0   0   0   0
1923   6  37  36  35  34  34  33  32   0   0   0   0   0   0
1922   6 999 999 999 999 999 999 999   0   0   0   0   0   0
1921   6 999 999 999 999 999 999 999   0   0   0   0   0   0
1920   6 999 999 999 999 999 999 999   0   0   0   0   0   0
1914   6  26  26  26  25  25  24  24   0   0   0   0   0   0
1913   6  25  25  24  24  25  26  26   0   0   0   0   0   0
1912   6  24  23  23  23  24  25  25   0   0   0   0   0   0
1911   6  28  27  26  25  25  25  24   0   0   0   0   0   0
1910   4  28  27  27  28  29   0   0   0   0
1909   6  28  29  29  30  30  30  30   0   0   0   0   0   0
1908   6 999 999 999 999 999 999 999   0   0   0   0   0   0
1907   6 999 999 999 999 999 999 999   0   0   0   0   0   0
1906   6 999 999 999 999 999 999 999   0   0   0   0   0   0
1905   6 999 999 999 999 999 999 999   0   0   0   0   0   0
1904   6 999 999 999 999 999 999 999   0   0   0   0   0   0
1903   6 999 999 999 999 999 999 999   0   0   0   0   0   0
1902   6 999 999 999 999 999 999 999   0   0   0   0   0   0
1901   6 999 999 999 999 999 999 999   0   0   0   0   0   0
1900   6 999 999 999 999 999 999 999   0   0   0   0   0   0
1899   6 999 999 999 999 999 999 999   0   0   0   0   0   0
1898   6 999 999 999 999 999 999 999   0   0   0   0   0   0
1897   6 999 999 999 999 999 999 999   0   0   0   0   0   0
1896   6 999 999 999 999 999 999 999   0   0   0   0   0   0
1895   6 999 999 999 999 999 999 999   0   0   0   0   0   0
1894   6 999 999 999 999 999 999 999   0   0   0   0   0   0
1893   6 999 999 999 999 999 999 999   0   0   0   0   0   0
1892   6 999 999 999 999 999 999 999   0   0   0   0   0   0
1891   6 999 999 999 999 999 999 999   0   0   0   0   0   0
1890   6 999 999 999 999 999 999 999   0   0   0   0   0   0
1889   6 999 999 999 999 999 999 999   0   0   0   0   0   0
1888   6 999 999 999 999 999 999 999   0   0   0   0   0   0
1887   6 999 999 999 999 999 999 999   0   0   0   0   0   0
1886   6 999 999 999 999 999 999 999   0   0   0   0   0   0
1885   6 999 999 999 999 999 999 999   0   0   0   0   0   0
1884   6 999 999 999 999 999 999 999   0   0   0   0   0   0
1883   6 999 999 999 999 999 999 999   0   0   0   0   0   0
1882   6 999 999 999 999 999 999 999   0   0   0   0   0   0
1881   6 999 999 999 999 999 999 999   0   0   0   0   0   0
1880   6 999 999 999 999 999 999 999   0   0   0   0   0   0
1879   6 999 999 999 999 999 999 999   0   0   0   0   0   0
1878   6 999 999 999 999 999 999 999   0   0   0   0   0   0
1877   8 999 999 999 999 999 999 999 999 999   0   0   0   0   0   0   0   0
1876   8 999 999 999 999 999 999 999 999 999   0   0   0   0   0   0   0   0
1875   8 999 999 999 999 999 999 999 999 999   0   0   0   0   0   0   0   0
1874   8 999 999 999 999 999 999 999 999 999   0   0   0   0   0   0   0   0
1873   8 999 999 999 999 999 999 999 999 999   0   0   0   0   0   0   0   0
1872   8 999 999 999 999 999 999 999 999 999   0   0   0   0   0   0   0   0
1871   8 999 999 999 999 999 999 999 999 999   0   0   0   0   0   0   0   0
1870   8 999 999 999 999 999 999 999 999 999   0   0   0   0   0   0   0   0
1869   8 999 999 999 999 999 999 999 999 999   0   0   0   0   0   0   0   0
1868   8 999 999 999 999 999 999 999 999 999   0   0   0   0   0   0   0   0
1867   8 999 999 999 999 999 999 999 999 999   0   0   0   0   0   0   0   0
1866   8 999 999 999 999 999 999 999 999 999   0   0   0   0   0   0   0   0
1865   8 999 999 999 999 999 999 999 999 999   0   0   0   0   0   0   0   0
1864   8 999 999 999 999 999 999 999 999 999   0   0   0   0   0   0   0   0
1863   8 999 999 999 999 999 999 999 999 999   0   0   0   0   0   0   0   0
1862   8 999 999 999 999 999 999 999 999 999   0   0   0   0   0   0   0   0
1861   8 999 999 999 999 999 999 999 999 999   0   0   0   0   0   0   0   0
1860   8 999 999 999 999 999 999 999 999 999   0   0   0   0   0   0   0   0
1859   8 999 999 999 999 999 999 999 999 999   0   0   0   0   0   0   0   0
1858   8 999 999 999 999 999 999 999 999 999   0   0   0   0   0   0   0   0
1857   8 999 999 999 999 999 999 999 999 999   0   0   0   0   0   0   0   0
1856   8 999 999 999 999 999 999 999 999 999   0   0   0   0   0   0   0   0
1855   8 999 999 999 999 999 999 999 999 999   0   0   0   0   0   0   0   0
1854   8 999 999 999 999 999 999 999 999 999   0   0   0   0   0   0   0   0
1853   8 999 999 999 999 999 999 999 999 999   0   0   0   0   0   0   0   0
1852   8 999 999 999 999 999 999 999 999 999   0   0   0   0   0   0   0   0
1851   8 999 999 999 999 999 999 999 999 999   0   0   0   0   0   0   0   0
1850   8 999 999 999 999 999 999 999 999 999   0   0   0   0   0   0   0   0
1849   8  12  13  14  15  15  14  14  14  15   0   0   0   0   0   0   0   0
1848   8 999 999 999 999 999 999 999 999 999   0   0   0   0   0   0   0   0
1847   8  15  15  14  14  14  12  11   9 999  -1  -1  -1  -1  -1   0   0   0
1846   8 999 999 999 999 999 999 999 999 999   0   0   0   0   0   0   0   0
1845   8 999 999 999 999 999 999 999 999 999   0   0   0   0   0   0   0   0
1844  10  15  15  14  15 999 999 999 999 999 999 999  -1  -1  -1   0   0   0   0   0   0   0
