Year NDay Positions each day    ; Flags -1=norace, 1=bumped & got bumped
2023   4   2   1   1   1   1   0   0   0   0
2022   4   5   4   4   3   2   0   0   0   0
2019   4   4   4   4   5   5   0   0   0   0
2018   4   3   3   3   4   4   0   0   0   0
2017   4   5   4   3   3   3   0   0   0   0
2016   4   6   5   5   5   5   0   0   0   0
2015   4   6   6   7   7   6   0   0   0   0
2014   4   7   6   6   6   6   0   0   0   0
2013   4   7   8   8   7   7   0   0   0   0
2012   4   9   9   8   7   7   0   0   0   0
2011   4   6   6   7   8   9   0   0   0   0
2010   4   4   4   5   6   6   0   0   0   0
2009   4   2   2   3   4   4   0   0   0   0
2008   4   2   2   2   2   2   0   0   0   0
2007   4   2   2   2   2   2   0   0   0   0
2006   4   4   4   4   3   2   0   0   0   0
2005   4   5   5   4   4   4   0   0   0   0
2004   4   8   7   7   6   5   0   0   0   0
2003   4  11  10   9   8   8   0   0   0   0
2002   4  14  13  13  12  11   0   0   0   0
2001   4  14  13  13  13  14   0   0   0   0
2000   4  15  15  15  14  14   0   0   0   0
1999   4  18  17  17  16  15   0   0   0   0
1998   4  20  20  19  19  18   0   0   0   0
1997   4  17  17  18  19  20   0   0   0   0
1996   4  15  15  16  16  17   0   0   0   0
1995   4  13  13  13  14  15   0   0   0   0
1994   4  13  13  13  14  13   0   0   0   0
1993   4   9  10  11  12  13   0   0   0   0
1992   4   9   9   9   9   9   0   0   0   0
1991   4  12  11  10   9   9   0   0   0   0
1990   4  19  18  15  14  12   0   0   0   0
1989   4  18  19  19  19  19   0   0   0   0
1988   4  21  20  19  18  18   0   0   0   0
1987   4  20  20  20  21  21   0   0   0   0
1986   4  25  22  21  20  20   0   0   0   0
1985   4  25  24  25  25  25   0   0   0   0
1984   4  28  28  27  26  25   0   0   0   0
1983   4  44  45  46  47  47   0   0   0   0
1982   4  39  40  39  38  39   0   0   0   0
