Year NDay Positions each day    ; Flags -1=norace, 1=bumped & got bumped
2023   4  37  36  35  34  34   0   0   0   0
2022   4  35  36  37  37  37   0   0   0   0
2019   4  39  39  38  38  35   0   0   0   0
2018   4  36  37  37  37  38   0   0   0   0
2017   4  41  39  38  38  37   0   0   0   0
2016   4  45  44  43  42  42   0   0   0   0
2015   4  41  42  43  44  45   0   0   0   0
2014   4  37  38  39  40  40   0   0   0   0
2013   4  34  35  36  37  38   0   0   0   0
2012   4  33  34  34  34  34   0   0   0   0
2011   4  32  33  33  33  33   0   0   0   0
2010   4  33  32  31  32  32   0   0   0   0
2009   4  34  34  33  33  33   0   0   0   0
2008   4  36  36  35  34  34   0   0   0   0
2007   4  37  37  36  35  36   0   0   0   0
2006   4  36  36  36  36  37   0   0   0   0
2005   4  36  37  37  36  36   0   0   0   0
2004   4  37  37  36  37  37   0   0   0   0
2003   4  37  38  37  36  37   0   0   0   0
2002   4  34  35  36  37  38   0   0   0   0
2001   4  35  34  33  32  33   0   0   0   0
2000   4  34  34  34  33  36   0   0   0   0
1999   4  39  39  38  36  35   0   0   0   0
1998   4  42  42  41  40  39   0   0   0   0
1997   4  39  40  41  42  43   0   0   0   0
1996   4  41  42  41  40  40   0   0   0   0
1995   4  40  41  40  41  42   0   0   0   0
1994   4  42  42  42  43  42   0   0   0   0
1993   4  44  44  44  44  43   0  -1  -1   0
1992   4  41  42  42  43  44   0   0   0   0
1991   4  45  44  43  42  41   0   0   0   0
1990   4  49  49  49  48  47   0   0   0   0
1989   4  55  54  53  53  52   0   0   0   0
1988   4 999 999 999 999 999   0   0   0   0
1987   4 999 999 999 999 999   0   0   0   0
1986   4 999 999 999 999 999   0   0   0   0
1985   4  59  58  59  58  59   0   0   0   0
