Year NDay Positions each day    ; Flags -1=norace, 1=bumped & got bumped
2022   4  76  76  77  78  79   0   0   0   0
2019   4  89  90  91  90  89   0   0   0   0
2018   4 999 999 999 999 999   0   0   0   0
2017   4 999 999 999 999 999   0   0   0   0
2016   4 999 999 999 999 999   0   0   0   0
2015   4 999 999 999 999 999   0   0   0   0
2014   4 999 999 999 999 999   0   0   0   0
2013   4 999 999 999 999 999   0   0   0   0
2012   4 999 999 999 999 999   0   0   0   0
2011   4 999 999 999 999 999   0   0   0   0
2010   4 999 999 999 999 999   0   0   0   0
2009   4 999 999 999 999 999   0   0   0   0
2008   4 999 999 999 999 999   0   0   0   0
2007   4 999 999 999 999 999   0   0   0   0
2006   4 999 999 999 999 999   0   0   0   0
2005   4 999 999 999 999 999   0   0   0   0
2004   4 999 999 999 999 999   0   0   0   0
2003   4 999 999 999 999 999   0   0   0   0
2002   4 999 999 999 999 999   0   0   0   0
2001   4 999 999 999 999 999   0   0   0   0
2000   4 999 999 999 999 999   0   0   0   0
1999   4  92  91  90  89  88   0   0   0   0
1998   4 999 999 999 999 999   0   0   0   0
1997   4 999 999 999 999 999   0   0   0   0
1996   4 999 999 999 999 999   0   0   0   0
1995   4 999 999 999 999 999   0   0   0   0
1994   4 999 999 999 999 999   0   0   0   0
1993   4 999 999 999 999 999   0   0   0   0
1992   4 999 999 999 999 999   0   0   0   0
1991   4  90  90  90  91  91   0   0   0   0
1990   4  90  91  92  93  93   0   0   0   0
1989   4  93  94  94  95  96   0   0   0   0
1988   4  97  98  98  97  97   0   0   0   0
1987   4 105 105 104 104 104   0   0   0   0
1986   4 999 999 999 999 999   0   0   0   0
1985   4 999 999 999 999 999   0   0   0   0
1984   4 109 109 108 107 106   0   0   0   0
1983   4 999 999 999 999 999   0   0   0   0
1982   4 999 999 999 999 999   0   0   0   0
1981   4 103 103 103 103 103   0   0   0   0
1980   4  87  87  88  87  86   0   0   0   0
1979   4  75  76  77  77  77   0   0   0   0
1978   4  92  93  92  92  92   0   0   0   0
1977   4  90  91  91  92  93   0   0   0   0
1976   4  89  89  89  89  90   0   0   0   0
1975   4  85  86  87  88  89   0   0   0   0
1974   4  89  88  87  86  86   0   0   0   0
1973   4  89  90  91  91  92   0   0   0   0
1972   4  88  88  89  89  90   0   0   0   0
1971   4  86  87  87  87  88   0   0   0   0
1970   4  83  83  86  85  86   0   0   0   0
1969   4  89  86  86  84  83   0   0   0   0
1968   4  95  94  93  92  91   0   0   0   0
1967   4 999 999 999 999 999   0   0   0   0
1966   4  74  75  76  77  78   0   0   0   0
1965   4  83  82  81  80  77   0   0   0   0
1964   4 999 999 999 999 999   0   0   0   0
1963   4 999 999 999 999 999   0   0   0   0
1962   4 999 999 999 999 999   0   0   0   0
1961   4 999 999 999 999 999   0   0   0   0
1960   4 999 999 999 999 999   0   0   0   0
1959   4 999 999 999 999 999   0   0   0   0
1958   4  83  82  81  81  80   0   0   0   0
1957   4 999 999 999 999 999   0   0   0   0
1956   4 999 999 999 999 999   0   0   0   0
1955   4 999 999 999 999 999   0   0   0   0
1954   4 999 999 999 999 999   0   0   0   0
1953   6 999 999 999 999 999 999 999   0   0   0   0   0   0
1952   6 999 999 999 999 999 999 999   0   0   0   0   0   0
1951   6 999 999 999 999 999 999 999   0   0   0   0   0   0
1950   6 999 999 999 999 999 999 999   0   0   0   0   0   0
1949   6  84  85  86  87  86  86  86   0   0   0   0   0   0
