Year NDay Positions each day    ; Flags -1=norace, 1=bumped & got bumped
2023   4  38  36  37  37  38   0   0   0   0
2022   4  44  42  41  40  39   0   0   0   0
2021   4  39  46  45  44  42   0   0   0   0
2019   4  49  48  47  44  43   0   0   0   0
2018   4  53  52  52  52  52   0  -1   0  -1
2017   4  51  56  57  57  58   0   0   0   0
2016   4  58  57  56  54  53   0   0   0   0
2015   4 999 999 999 999 999   0   0   0   0
2013   4 999 999 999 999 999   0   0   0   0
2012   4  42  43  44  46  49   0   0   0   0
2011   4  49  48  46  44  43   0   0   0   0
2010   4  53  53  53  52  52  -1  -1   0   1
2009   4  60  59  57  56  55   0   0   0   0
2008   4 999 999 999 999 999   0   0   0   0
2006   4 999 999 999 999 999   0   0   0   0
2005   4  45  47  47  46  45   0   0   0   0
2004   4  48  47  48  47  46   0   0   0   0
2003   4  54  52  51  50  50   0   0   0  -1
2001   4 999 999 999 999 999   0   0   0   0
1999   4  44  44  44  44  42  -1  -1  -1   0
1998   4  47  47  47  49  49   1   0   0  -1
1997   4  45  47  47  47  46   0   0   0   0
1996   4  38  38  43  46  49   0   0   0   0
1995   4 999 999 999 999 999   0   0   0   0
1994   4  38  40  40  40  40   0  -1  -1  -1
1993   4 999 999 999 999 999   0   0   0   0
1992   4  41  41  40  40  39   0   0   0   0
1991   4  48  48  49  50  48   1   0   0   0
1989   4  55  53  52  53  53   0   0   0   0
1988   4 999 999 999 999 999   0   0   0   0
1987   4  47  46  45  46  45   0   0   0   0
