Year NDay Positions each day    ; Flags -1=norace, 1=bumped & got bumped
2023   4  65  64  63  63  62   0   0   0   0
2022   4  63  66  68  70  70   0   0   0   0
2021   4  61  60  59  57  56   0   0   0   0
2019   4 999 999 999 999 999   0   0   0   0
2018   4 999 999 999 999 999   0   0   0   0
2017   4 999 999 999 999 999   0   0   0   0
2016   4  70  70  70  70  70   1   0   0   0
2015   4 999 999 999 999 999   0   0   0   0
2013   4  59  60  61  66  71   1   0   0   0
2012   4  66  65  64  62  60   0   0   0   0
2011   4  70  68  67  67  67   0   0   0   0
2010   4 999 999 999 999 999   0   0   0   0
2009   4  69  69  68  67  67   0   0   0   0
2008   4  69  73  73  72  72   0   0   0   0
2006   4 999 999 999 999 999   0   0   0   0
2005   4 999 999 999 999 999   0   0   0   0
2004   4  73  73  73  72  71   0   0   0   0
2003   4 999 999 999 999 999   0   0   0   0
2001   4  53  53  53  52  52  -1   0   0   0
1999   4  69  69  69  69  67  -1  -1  -1   0
1998   4 999 999 999 999 999   0   0   0   0
1997   4 999 999 999 999 999   0   0   0   0
1996   4  61  61  66  71  73   0   0   0   0
1995   4 999 999 999 999 999   0   0   0   0
1994   4  63  62  62  62  62   0  -1  -1  -1
1993   4 999 999 999 999 999   0   0   0   0
1992   4  64  64  64  63  62   0   0   0   0
1991   4  69  68  66  66  66   0   0   1   0
1990   4 999 999 999 999 999   0   0   0   0
1989   4  69  70  73  73  72   0   0   0   0
1988   4  65  69  73  74  71   0   0   0   0
1987   4  63  64  64  66  65   0   0   0   0
1986   4  65  64  65  65  64   0   0  -1   0
1985   4  71  69  68  67  66   0   0   0   0
1984   4  72  71  72  74  75   0   0   0   0
1983   4  80  78  78  79  79   0   0   0   0
1982   4  63  64  64  64  63   0   0   0   0
1981   4 999 999 999 999 999   0   0   0   0
1980   4  61  64  64  63  62   0   0   0   0
1979   4  64  64  63  62  62   0   0   0   0
1978   4  62  66  66  65  65   0   0   0   0
1976   4 999 999 999 999 999   0   0   0   0
1975   4 999 999 999 999 999   0   0   0   0
1974   4 999 999 999 999 999   0   0   0   0
1973   4 999 999 999 999 999   0   0   0   0
1972   4 999 999 999 999 999   0   0   0   0
1971   4 999 999 999 999 999   0   0   0   0
1970   4  42  42  41  40  41   0   0   0   0
1969   4  39  42  43  44  45   0   0   0   0
1968   4  50  46  44  42  39   0   0   0   0
1967   4 999 999 999 999 999   0   0   0   0
1966   4 999 999 999 999 999   0   0   0   0
1965   4 999 999 999 999 999   0   0   0   0
1964   4 999 999 999 999 999   0   0   0   0
1962   4 999 999 999 999 999   0   0   0   0
1961   4 999 999 999 999 999   0   0   0   0
1960   4 999 999 999 999 999   0   0   0   0
1959   4  42  42  41  40  39   0   0   0   0
1958   4  40  41  41  42  43   0   0   0   0
1957   4  39  38  38  39  40   0   0   0   0
1956   4  42  41  41  40  39   0   0   0   0
1955   6  48  48  47  46  45  44  43   0   0   0   0   0   0
1954   6 999 999 999 999 999 999 999   0   0   0   0   0   0
1953   6 999 999 999 999 999 999 999   0   0   0   0   0   0
1952   6  46  47  48  48  48  48  48   0   0   0   0   0   0
1951   6 999 999 999 999 999 999 999   0   0   0   0   0   0
1950   6 999 999 999 999 999 999 999   0   0   0   0   0   0
1949   4  45  46  47  48  48   0   0   0   0
1948   6  44  44  44  44  45  45  45   0   0   0   0   0   0
1947   6 999 999 999 999 999 999 999   0   0   0   0   0   0
1946   6 999 999 999 999 999 999 999   0   0   0   0   0   0
1938   6  43  43  42  42  41  39  38   0   0   0   0   0   0
1937   6 999 999 999 999 999 999 999   0   0   0   0   0   0
1936   6 999 999 999 999 999 999 999   0   0   0   0   0   0
1935   6 999 999 999 999 999 999 999   0   0   0   0   0   0
1934   6 999 999 999 999 999 999 999   0   0   0   0   0   0
1933   6 999 999 999 999 999 999 999   0   0   0   0   0   0
1932   6  39  39  39  38  39  39  39   0   0   0   0   0   0
1931   6 999 999 999 999 999 999 999   0   0   0   0   0   0
1930   6 999 999 999 999 999 999 999   0   0   0   0   0   0
1929   4 999 999 999 999 999   0   0   0   0
1928   6 999 999 999 999 999 999 999   0   0   0   0   0   0
1927   6 999 999 999 999 999 999 999   0   0   0   0   0   0
1926   6 999 999 999 999 999 999 999   0   0   0   0   0   0
1925   6 999 999 999 999 999 999 999   0   0   0   0   0   0
1924   6 999 999 999 999 999 999 999   0   0   0   0   0   0
1923   6  30  31  32  32  32  33  32   0   0   0   0   0   0
1922   6  30  31  32  32  32  32  32   0   0   0   0   0   0
1921   6  27  28  28  28  28  29  30   0   0   0   0   0   0
1920   6  31  31  30  29  28  27  27   0   0   0   0   0   0
1914   6  30  31  31  31  31  31  31   0   0   0   0   0   0
1913   6  30  30  31  32  32  32  32   0   0   0   0   0   0
1912   6  29  30  31  31  31  30  30   0   0   0   0   0   0
1911   6  28  28  27  27  28  28  29   0   0   0   0   0   0
1910   6  31  31  31  31  30  29  28   0   0   0   0   0   0
1909   6  30  30  30  30  31  32  32   0   0   0   0   0   0
1908   6  34  34  34  33  32  31  31   0   0   0   0   0   0
1907   6 999 999 999 999 999 999 999   0   0   0   0   0   0
1906   6 999 999 999 999 999 999 999   0   0   0   0   0   0
1905   6 999 999 999 999 999 999 999   0   0   0   0   0   0
1904   6 999 999 999 999 999 999 999   0   0   0   0   0   0
1903   6 999 999 999 999 999 999 999   0   0   0   0   0   0
1902   6 999 999 999 999 999 999 999   0   0   0   0   0   0
1901   6 999 999 999 999 999 999 999   0   0   0   0   0   0
1900   6 999 999 999 999 999 999 999   0   0   0   0   0   0
1899   6 999 999 999 999 999 999 999   0   0   0   0   0   0
1898   6 999 999 999 999 999 999 999   0   0   0   0   0   0
1897   6 999 999 999 999 999 999 999   0   0   0   0   0   0
1896   6 999 999 999 999 999 999 999   0   0   0   0   0   0
1894   6  25  25  24  24  24  23  23   0   0   0   0   0   0
1893   6  29  28  27  26  25  25  25   0   0   0   0   0   0
