Year NDay Positions each day    Flags -1=norace, 1=bumped & got bumped
1909   6   36  36  36  36  36  35  34   0   0   0   0   0   0
1910   6  999 999 999 999 999 999 999   0   0   0   0   0   0
1911   6  999 999 999 999 999 999 999   0   0   0   0   0   0
1912   6  999 999 999 999 999 999 999   0   0   0   0   0   0
1913   6  999 999 999 999 999 999 999   0   0   0   0   0   0
1914   6  999 999 999 999 999 999 999   0   0   0   0   0   0
1920   6  999 999 999 999 999 999 999   0   0   0   0   0   0
1921   6  999 999 999 999 999 999 999   0   0   0   0   0   0
1922   6  999 999 999 999 999 999 999   0   0   0   0   0   0
1923   6  999 999 999 999 999 999 999   0   0   0   0   0   0
1924   6  999 999 999 999 999 999 999   0   0   0   0   0   0
1925   6  999 999 999 999 999 999 999   0   0   0   0   0   0
1926   6  999 999 999 999 999 999 999   0   0   0   0   0   0
1927   6  999 999 999 999 999 999 999   0   0   0   0   0   0
1928   6  999 999 999 999 999 999 999   0   0   0   0   0   0
1929   4  999 999 999 999 999   0   0   0   0
1930   6  999 999 999 999 999 999 999   0   0   0   0   0   0
1931   6  999 999 999 999 999 999 999   0   0   0   0   0   0
1932   6  999 999 999 999 999 999 999   0   0   0   0   0   0
1933   6  999 999 999 999 999 999 999   0   0   0   0   0   0
1934   6  999 999 999 999 999 999 999   0   0   0   0   0   0
1935   6  999 999 999 999 999 999 999   0   0   0   0   0   0
1936   6  999 999 999 999 999 999 999   0   0   0   0   0   0
1937   6  999 999 999 999 999 999 999   0   0   0   0   0   0
1938   6  999 999 999 999 999 999 999   0   0   0   0   0   0
1939   6  999 999 999 999 999 999 999   0   0   0   0   0   0
1946   6  999 999 999 999 999 999 999   0   0   0   0   0   0
1947   6  999 999 999 999 999 999 999   0   0   0   0   0   0
1948   6  999 999 999 999 999 999 999   0   0   0   0   0   0
1949   4  999 999 999 999 999   0   0   0   0
1950   6  999 999 999 999 999 999 999   0   0   0   0   0   0
1951   6  999 999 999 999 999 999 999   0   0   0   0   0   0
1952   6  999 999 999 999 999 999 999   0   0   0   0   0   0
1953   6  999 999 999 999 999 999 999   0   0   0   0   0   0
1954   6  999 999 999 999 999 999 999   0   0   0   0   0   0
1955   6  999 999 999 999 999 999 999   0   0   0   0   0   0
1956   4  999 999 999 999 999   0   0   0   0
1957   4  999 999 999 999 999   0   0   0   0
1958   4  999 999 999 999 999   0   0   0   0
1959   4  999 999 999 999 999   0   0   0   0
1960   4  999 999 999 999 999   0   0   0   0
1961   4  999 999 999 999 999   0   0   0   0
1962   4  999 999 999 999 999   0   0   0   0
1964   4  999 999 999 999 999   0   0   0   0
1965   4  999 999 999 999 999   0   0   0   0
1966   4  999 999 999 999 999   0   0   0   0
1967   4  999 999 999 999 999   0   0   0   0
1968   4  999 999 999 999 999   0   0   0   0
1969   4   51  48  46  45  43   0   0   0   0
1970   4   43  46  50  50  50   0   0   0   0
1971   4  999 999 999 999 999   0   0   0   0
1972   4  999 999 999 999 999   0   0   0   0
1973   4  999 999 999 999 999   0   0   0   0
1974   4  999 999 999 999 999   0   0   0   0
1975   4  999 999 999 999 999   0   0   0   0
1976   4  999 999 999 999 999   0   0   0   0
1978   4  999 999 999 999 999   0   0   0   0
1979   4  999 999 999 999 999   0   0   0   0
1980   4  999 999 999 999 999   0   0   0   0
1981   4  999 999 999 999 999   0   0   0   0
1982   4  999 999 999 999 999   0   0   0   0
1983   4  999 999 999 999 999   0   0   0   0
1984   4  999 999 999 999 999   0   0   0   0
1985   4  999 999 999 999 999   0   0   0   0
1986   4   83  85  85  85  83   0   0  -1   0
1987   4   76  78  79  80  79   0   0   0   0
1988   4  999 999 999 999 999   0   0   0   0
1989   4  999 999 999 999 999   0   0   0   0
1990   4  999 999 999 999 999   0   0   0   0
1991   4   84  84  84  84  82   0   0   0   0
1992   4   75  76  79  82  83   0   0   0   0
1993   4  999 999 999 999 999   0   0   0   0
1994   4  999 999 999 999 999   0   0   0   0
1995   4  999 999 999 999 999   0   0   0   0
1996   4  999 999 999 999 999   0   0   0   0
1997   4  999 999 999 999 999   0   0   0   0
1998   4  999 999 999 999 999   0   0   0   0
1999   4   73  73  73  73  70  -1  -1  -1   0
2001   4  999 999 999 999 999   0   0   0   0
2003   4  999 999 999 999 999   0   0   0   0
2004   4  999 999 999 999 999   0   0   0   0
2005   4  999 999 999 999 999   0   0   0   0
2006   4  999 999 999 999 999   0   0   0   0
2008   4  999 999 999 999 999   0   0   0   0
2009   4  999 999 999 999 999   0   0   0   0
2010   4  999 999 999 999 999   0   0   0   0
2011   4  999 999 999 999 999   0   0   0   0
2012   4  999 999 999 999 999   0   0   0   0
2013   4  999 999 999 999 999   0   0   0   0
2015   4  999 999 999 999 999   0   0   0   0
2016   4  999 999 999 999 999   0   0   0   0
2017   4  999 999 999 999 999   0   0   0   0
2018   4  999 999 999 999 999   0   0   0   0
2019   4  999 999 999 999 999   0   0   0   0
2021   4   63  61  60  59  58   0   0   0   0
2022   4   65  64  65  67  69   0   0   0   0
