Year NDay Positions each day    ; Flags -1=norace, 1=bumped & got bumped
2023   4  63  63  64  65  66   0   0   0   0
2022   4  66  65  65  64  63   0   0   0   0
2019   4  69  68  67  65  66   0   0   0   0
2018   4  78  77  76  76  77   0   0   0   0
2017   4 999 999 999 999 999   0   0   0   0
2016   4  73  74  75  76  77   0   0   0   0
2015   4 999 999 999 999 999   0   0   0   0
2014   4  70  70  71  70  70   0   0   0   0
2013   4 999 999 999 999 999   0   0   0   0
2012   4 999 999 999 999 999   0   0   0   0
2011   4  57  58  59  60  61   0   0   0   0
2010   4  59  59  60  60  61   0   0   0   0
2009   4  59  59  60  60  59   0   0   0   0
2008   4  64  63  62  61  60   0   0   0   0
2007   4  66  65  62  63  64   0   0   0   0
2006   4 999 999 999 999 999   0   0   0   0
2005   4  73  72  73  73  73   0   0   0   0
2004   4 999 999 999 999 999   0   0   0   0
2003   4 999 999 999 999 999   0   0   0   0
2002   4 999 999 999 999 999   0   0   0   0
2001   4 999 999 999 999 999   0   0   0   0
2000   4  53  53  53  53  53  -1  -1   0   0
1999   4  55  55  55  56  56   0   0   0   0
1998   4 999 999 999 999 999   0   0   0   0
1997   4 999 999 999 999 999   0   0   0   0
1996   4 999 999 999 999 999   0   0   0   0
1995   4 999 999 999 999 999   0   0   0   0
1994   4 999 999 999 999 999   0   0   0   0
1993   4  61  60  60  60  60   0  -1  -1   0
1992   4 999 999 999 999 999   0   0   0   0
1991   4  54  55  54  53  52   0   0   0   0
