Year NDay Positions each day    ; Flags -1=norace, 1=bumped & got bumped
2023   4   6   6   5   4   4   0   0   0   0
2022   4   5   5   6   6   6   0   0   0   0
2021   4   6   5   4   3   5   0   0   0   1
2019   4   4   6   7   7   8   0   0   0   0
2018   4   3   3   3   3   4   0  -1   0   0
2017   4   4   2   2   3   3   0   0   0   0
2016   4   8   7   6   5   4   0   0   0   0
2015   4   9   8   6   7   8   0   0   0   0
2013   4   5   6   7   8   9   0   0   0   0
2012   4   8   7   6   5   5   0   0   0   0
2011   4   4   4   7   7   8   0   0   0   0
2010   4   2   3   3   3   4   0   0   0   0
2009   4   3   3   3   2   2   0   0   0   0
2008   4   6   7   6   4   3   0   0   0   0
2006   4   3   4   3   5   6   0   0   0   0
2005   4   4   4   4   3   3   0   0   0   0
2004   4   7   6   5   4   4   0   0   0   0
2003   4   8   8   7   7   7   0   0   0  -1
2001   4   9   8   8   7   8   0   0   0   0
1999   4  11  10  10  10  11   0   1   0   0
1998   4  14  12  12  11  11   0   0   0  -1
1997   4   9  11  12  13  14   0   0   0   0
1996   4   6   7   7   8   9   0   0   0   0
1995   4   7   7   7   6   6   0   0   0   0
1994   4   8   7   7   7   7   0  -1  -1  -1
1993   4  14  11   9   8   8   0   0   0   0
1992   4  20  19  18  16  14   0   0   0   0
1991   4  16  18  19  19  20   0   0   0   0
1989   4  19  17  16  16  16   0   0   0   0
1988   4  23  22  21  20  19   0   0   0   0
1987   4  27  26  25  24  23   0   0   0   0
1986   4  30  29  28  28  27   0   0  -1   0
1985   4  28  32  33  32  33   0   0   0   0
1984   4  28  28  27  28  28   0   0   0   0
1983   4  35  35  36  36  35   0   0   0   0
1982   4  33  33  34  34  33   0   0   0   0
