Year NDay Positions each day    ; Flags -1=norace, 1=bumped & got bumped
2023   4   2   2   2   2   2   0   0   0   0
2022   4   4   4   3   2   2   0   0   0   0
2019   4   3   4   4   4   4   0   0   0   0
2018   4   1   2   3   3   3   0   0   0   0
2017   4   2   1   1   1   1   0   0   0   0
2016   4   2   2   2   2   2   0   0   0   0
2015   4   3   2   2   2   2   0   0   0   0
2014   4   2   3   3   3   3   0   0   0   0
2013   4   3   3   2   2   2   0   0   0   0
2012   4   3   3   3   3   3   0   0   0   0
2011   4   1   2   3   3   3   0   0   0   0
2010   4   1   1   1   1   1   0   0   0   0
2009   4   3   2   1   1   1   0   0   0   0
2008   4   6   5   5   4   3   0   0   0   0
2007   4   4   4   4   5   6   0   0   0   0
2006   4   5   5   5   4   4   0   0   0   0
2005   4   9   8   7   6   5   0   0   0   0
2004   4   5   6   7   8   9   0   0   0   0
2003   4   4   4   4   4   5   0   0   0   0
2002   4   5   4   4   4   4   0   0   0   0
2001   4   9   8   7   6   5   0   0   0   0
2000   4   9  10  10  10   9   0   0   0   0
1999   4  12  11  11  10   9   0   0   0   0
1998   4  10  11  12  12  12   0   0   0   0
1997   4   7   8   8   9  10   0   0   0   0
1996   4   7   8   8   7   7   0   0   0   0
1995   4   4   5   5   6   7   0   0   0   0
1994   4   4   3   3   4   4   0   0   0   0
1993   4   4   4   4   4   4   0   0   0   0
1992   4   3   4   4   4   4   0   0   0   0
1991   4   2   2   3   3   3   0   0   0   0
1990   4   4   4   3   2   2   0   0   0   0
1989   4   4   4   4   4   4   0   0   0   0
1988   4   4   4   4   4   4   0   0   0   0
1987   4   3   4   4   4   4   0   0   0   0
1986   4   1   2   1   2   3   0   0   0   0
1985   4   2   1   1   1   1   0   0   0   0
1984   4   2   2   2   2   2   0   0   0   0
1983   4   3   2   2   2   2   0   0   0   0
1982   4   3   3   3   3   3   0   0   0   0
1981   4   3   3   3   3   3   0   0   0   0
1980   4   5   4   3   3   3   0   0   0   0
1979   4   6   6   5   5   5   0   0   0   0
1978   4   3   3   4   5   6   0   0   0   0
1977   4   3   3   3   3   3   0   0   0   0
1976   4   1   2   3   3   3   0   0   0   0
1975   4   1   1   1   1   1   0   0   0   0
1974   4   1   1   1   1   1   0   0   0   0
1973   4   2   1   1   1   1   0   0   0   0
1972   4   1   1   1   1   2   0   0   0   0
1971   4   2   1   1   1   1   0   0   0   0
1970   4   2   2   2   2   2   0   0   0   0
1969   4   4   3   2   2   2   0   0   0   0
1968   4   5   5   5   4   4   0   0   0   0
1967   4   2   3   4   5   5   0   0   0   0
1966   4   4   4   3   3   2   0   0   0   0
1965   4   3   3   4   4   4   0   0   0   0
1964   4   2   3   3   3   3   0   0   0   0
1963   4   1   1   1   1   2   0   0   0   0
1962   4   2   1   1   1   1   0   0   0   0
1961   4   2   2   2   2   2   0   0   0   0
1960   4   2   2   2   2   2   0   0   0   0
1959   4   1   1   1   1   2   0   0   0   0
1958   4   3   2   1   1   1   0   0   0   0
1957   4   4   4   4   3   3   0   0   0   0
1956   4   7   7   6   5   4   0   0   0   0
1955   4   6   6   6   6   7   0   0   0   0
1954   4   7   7   6   6   6   0   0   0   0
1953   6   7   6   6   7   7   7   7   0   0   0   0   0   0
1952   6   7   7   7   7   7   7   7   0   0   0   0   0   0
1951   6   5   5   5   6   6   7   7   0   0   0   0   0   0
1950   6   5   4   4   4   4   5   5   0   0   0   0   0   0
1949   6   5   5   5   5   5   5   5   0   0   0   0   0   0
1948   6   4   4   4   4   5   5   5   0   0   0   0   0   0
1947   6   7   6   5   5   5   5   4   0   0   0   0   0   0
1946   6   5   5   5   6   7   7   7   0   0   0   0   0   0
1938   6  11  10   9   8   8   7   7   0   0   0   0   0   0
1937   6   5   6   7   8   9  10  11   0   0   0   0   0   0
1936   6   5   5   5   6   6   6   5   0   0   0   0   0   0
1935   6   7   7   6   5   5   5   5   0   0   0   0   0   0
1934   6   8   8   8   8   8   7   7   0   0   0   0   0   0
1933   6   6   6   7   7   8   8   8   0   0   0   0   0   0
1932   6   5   5   5   6   7   7   6   0   0   0   0   0   0
1931   6   4   4   4   4   5   5   5   0   0   0   0   0   0
1930   6   6   5   4   4   4   4   4   0   0   0   0   0   0
1929   6   4   5   5   5   5   6   6   0   0   0   0   0   0
1928   6   1   2   3   4   4   4   4   0   0   0   0   0   0
1927   6   1   1   1   1   1   1   1   0   0   0   0   0   0
1926   4   1   1   1   1   1   0   0   0   0
1925   6   1   1   1   1   1   1   1   0   0   0   0   0   0
1924   6   2   1   1   1   1   1   1   0   0   0   0   0   0
1923   6   5   4   3   2   2   2   2   0   0   0   0   0   0
1922   6   6   6   6   6   6   5   5   0   0   0   0   0   0
1921   6   3   3   3   4   5   6   6   0   0   0   0   0   0
1920   6   3   4   4   3   3   3   3   0   0   0   0   0   0
1914   6   3   4   4   4   4   3   3   0   0   0   0   0   0
1913   6   4   4   4   3   3   3   3   0   0   0   0   0   0
1912   6   3   3   4   4   4   4   4   0   0   0   0   0   0
1911   6   3   3   3   3   3   3   3   0   0   0   0   0   0
1910   4   1   2   3   3   3   0   0   0   0
1909   6   1   1   1   1   1   1   1   0   0   0   0   0   0
1908   6   1   1   1   1   1   1   1   0   0   0   0   0   0
1907   6   3   2   2   1   1   1   1   0   0   0   0   0   0
1906   6   4   4   3   3   3   3   3   0   0   0   0   0   0
1905   6   3   4   4   4   4   4   4   0   0   0   0   0   0
1904   6   6   5   4   3   3   3   3   0   0   0   0   0   0
1903   6  10   9   9   8   7   6   6   0   0   0   0   0   0
1902   6  15  15  14  13  13  12  10   0   0   0   0   0   0
1901   6  12  12  13  14  15  15  15   0   0   0   0   0   0
1900   6   6   7   8   9  10  11  12   0   0   0   0   0   0
1899   6   6   6   6   6   6   6   6   0   0   0   0   0   0
1898   6   6   6   6   6   6   6   6   0   0   0   0   0   0
1897   6  11  10  10   9   8   7   6   0   0   0   0   0   0
1896   6  11  11  11  11  11  11  11   0   0   0   0   0   0
1895   6   8   9  10  11  11  11  11   0   0   0   0   0   0
1894   6   5   5   5   6   7   8   8   0   0   0   0   0   0
1893   6   4   4   5   5   5   5   5   0   0   0   0   0   0
1892   6   4   4   4   4   4   4   4   0   0   0   0   0   0
1891   6   4   4   4   4   4   4   4   0   0   0   0   0   0
1890   6   4   4   4   4   4   4   4   0   0   0   0   0   0
1889   6   4   4   4   4   4   4   4   0   0   0   0   0   0
1888   6   6   6   5   4   4   4   4   0   0   0   0   0   0
1887   6   6   6   6   6   6   6   6   0   0   0   0   0   0
1886   6   7   7   7   6   6   6   6   0   0   0   0   0   0
1885   6   6   7   7   7   7   7   7   0   0   0   0   0   0
1884   6  12  10   9   8   7   6   6   0   0   0   0   0   0
1883   6  14  13  16  15  14  13  12   0   0   0   0   0   0
1882   6  16  15  15  15  15  15  14   0   0   0   0   0   0
1881   6  13  14  15  16  17  17  17   0   0   0   0   0   0
1880   6   7   8   9  10  11  12  13   0   0   0   0   0   0
1879   6   8   7   7   6   6   7   7   0   0   0   0   0   0
1878   6   8   7   7   7   7   8   8   0   0   0   0   0   0
1877   8   8   9   9   8   7   7   8   8   8   0   0   0   0   0   0   0   0
1876   8   6   5   5   5   6   6   7   8   8   0   0   0   0   0   0   0   0
1875   8   8   8   7   6   6   6   6   6   6   0   0   0   0   0   0   0   0
1874   8   3   4   4   5   6   7   8   8   8   0   0   0   0   0   0   0   0
1873   8   4   3   3   3   3   3   3   3   3   0   0   0   0   0   0   0   0
1872   8   3   4   5   5   5   5   5   4   4   0   0   0   0   0   0   0   0
1871   8   6   6   6   5   4   3   3   3   3   0   0   0   0   0   0   0   0
1870   8   5   6   6   6   6   6   6   6   6   0   0   0   0   0   0   0   0
1869   8  10   9   8   7   6   6   5   5   5   0   0   0   0   0   0   0   0
1868   8   9  10  10  10  10  10   9   9  10   0   0   0   0   0   0   0   0
1867   8   7   7   7   7   6   6   7   8   9   0   0   0   0   0   0   0   0
1866   8   6   6   7   8   8   7   7   7   7   0   0   0   0   0   0   0   0
1865   8   4   4   4   4   4   5   6   6   6   0   0   0   0   0   0   0   0
1864   8   7   7   7   6   5   5   4   4   4   0   0   0   0   0   0   0   0
1863   8   5   6   7   7   7   7   7   7   7   0   0   0   0   0   0   0   0
1862   8   7   6   6   5   5   5   5   5   5   0   0   0   0   0   0   0   0
1861   8   7   7   7   6   6   7   7   7   7   0   0   0   0   0   0   0   0
1860   8   9   9   9   9   9   9   8   7   7   0   0   0   0   0   0   0   0
1859   8   7   7   7   8   8   8   8   9   9   0   0   0   0   0   0   0   0
1858   8   9   9   9   9   9   9   9   8   7   0   0   0   0   0   0   0   0
1857   8   4   5   6   7   8   9   9   9   9   0   0   0   0   0   0   0   0
1856   8   3   4   4   5   5   4   4   4   4   0   0   0   0   0   0   0   0
1855   8   3   3   3   3   3   3   3   3   3   0   0   0   0   0   0   0   0
1854   8   4   4   4   4   3   3   3   3   3   0   0   0   0   0   0   0   0
1853   8   4   4   4   4   4   4   4   4   4   0   0   0   0   0   0   0   0
1852   8   6   5   5   5   5   5   4   4   4   0   0   0   0   0   0   0   0
1851   8   8   8   8   7   7   7   6   6   6   0   0   0   0   0   0   0   0
1850   8   1   2   2   3   4   5   6   7   8   0   0   0   0   0   0   0   0
1849   8   1   1   1   1   1   1   1   1   1   0   0   0   0   0   0   0   0
1848   8   1   1   1   1   1   1   1   1   1   0   0   0   0   0   0   0   0
1847   8   2   2   2   2   2   2   2   1   1   0   0   0   0   0   0   0   0
1846   8   2   2   2   2   2   2   2   2   2   0   0   0   0   0   0   0   0
1845   8   1   1   2   2   2   2   2   2   2   0   0   0   0   0   0   0   0
1844  10   3   3   2   1   1   1   1   1   1   1   1   0   0   0   0   0   0   0   0   0   0
1843   8   9   8   8   9   8   6   5   4   3   0   0   0   0   0   0   0   0
1842   7  10   9   8   7   7   7   8   9   0   0   0   0   0   0  -1
1841   6 999 999 999 999 999 999 999   0   0   0   0   0   0
1840   9   3   4   4   5  13  11  11  11  11  11   0   0   0  -1   0  -1  -1  -1   0
1839   7   8   7   6   6   6   5   4   4   0   0   0   0   0   0   0
1838   6   4   4   3   3   8   8 999   0   0   0  -1   0   0
1837   7   1   1   1   1   1   2   1 999   0   0   0   0   0   0   0
1836   5   1   1   1   1   1   1   0   0   0   0   0
1835   3   1   1   1   1   0   0   0
1834   5   2   1   1   1   1   1   0   0   0   0   0
1833   4   1   2   2   1   2   0   0   0   0
1832   5   1   1   1   1   1   1   0   0   0   0   0
1831   5   1   1   1   1   1   1   0   0   0   0   0
1830   5   1   1   1   1   1   1   0   0   0   0   0
1828   6   4   3   3   2   2   1   1   0   0   0   0   0   0
1827   6   1   1   2   1   2   3   4   0   0   0   0   0   0
1826   4   1   1   1   1   1   0   0   0   0
1825   3   2   1   1   1   0   0   0
1824   3   1   1   2   3   0   0   0
1822   1 999 999   0
1819   1   1   1   0
1818   1   1   1   0
1817   1   1   1   0
