Year NDay Positions each day    Flags -1=norace, 1=bumped & got bumped
1935   6   44  44  44  44  44  43  43   0   0   0   0   0   0
1936   6  999 999 999 999 999 999 999   0   0   0   0   0   0
1937   6  999 999 999 999 999 999 999   0   0   0   0   0   0
1938   6   42  41  41  40  39  40  40   0   0   0   0   0   0
1939   6  999 999 999 999 999 999 999   0   0   0   0   0   0
1946   6  999 999 999 999 999 999 999   0   0   0   0   0   0
1947   6  999 999 999 999 999 999 999   0   0   0   0   0   0
1948   6  999 999 999 999 999 999 999   0   0   0   0   0   0
1949   4  999 999 999 999 999   0   0   0   0
1950   6  999 999 999 999 999 999 999   0   0   0   0   0   0
1951   6  999 999 999 999 999 999 999   0   0   0   0   0   0
1952   6  999 999 999 999 999 999 999   0   0   0   0   0   0
1953   6  999 999 999 999 999 999 999   0   0   0   0   0   0
1954   6   45  46  46  46  46  46  45   0   0   0   0   0   0
1955   6   43  42  41  40  39  38  37   0   0   0   0   0   0
1956   4   37  36  36  37  38   0   0   0   0
1957   4   38  39  40  41  42   0   0   0   0
1958   4   42  42  43  44  45   0   0   0   0
1959   4   44  43  43  42  41   0   0   0   0
1960   4   46  46  47  47  47   0   0   0   0
1961   4  999 999 999 999 999   0   0   0   0
1962   4  999 999 999 999 999   0   0   0   0
1964   4  999 999 999 999 999   0   0   0   0
1965   4  999 999 999 999 999   0   0   0   0
1966   4  999 999 999 999 999   0   0   0   0
1967   4   45  45  46  47  47   1   0   0   0
1968   4   46  45  45  45  43   0   1   0   0
1969   4  999 999 999 999 999   0   0   0   0
1970   4  999 999 999 999 999   0   0   0   0
1971   4  999 999 999 999 999   0   0   0   0
1972   4   48  46  45  45  44   0   0   0   0
1973   4  999 999 999 999 999   0   0   0   0
1974   4   50  48  48  48  48   0   0   0   0
1975   4  999 999 999 999 999   0   0   0   0
1976   4   48  48  46  44  43   0   0   0   0
1978   4   42  40  45  46  46   0   0   0   0
1979   4   46  48  48  50  51   0   1   0   0
1980   4   51  55  56  57  57   0   0   0   0
1981   4   56  55  54  52  51   0   0   0   0
1982   4   51  54  53  52  51   0   0   0   0
1983   4   51  52  53  55  61   0   0   0   0
1984   4   60  59  58  57  56   0   0   0   0
1985   4   56  59  61  64  65   0   0   0   0
1986   4  999 999 999 999 999   0   0   0   0
1987   4  999 999 999 999 999   0   0   0   0
1988   4   80  80  80  80  80   0   1   0   0
1989   4   74  72  71  70  69   0   0   0   0
1990   4  999 999 999 999 999   0   0   0   0
1991   4   67  67  67  65  64   0   1   0   0
1992   4  999 999 999 999 999   0   0   0   0
1993   4  999 999 999 999 999   0   0   0   0
1994   4   84  85  85  85  85   0  -1  -1  -1
1995   4  999 999 999 999 999   0   0   0   0
1996   4   73  74  78  80  80   0   0   0   0
1997   4   72  69  68  67  67   0   0   0   1
1998   4   63  62  61  61  61   0   0   0  -1
1999   4  999 999 999 999 999   0   0   0   0
2001   4  999 999 999 999 999   0   0   0   0
2003   4  999 999 999 999 999   0   0   0   0
2004   4  999 999 999 999 999   0   0   0   0
2005   4  999 999 999 999 999   0   0   0   0
2006   4   66  66  66  67  69   0   0   0   0
2008   4  999 999 999 999 999   0   0   0   0
2009   4   70  71  72  72  72   0   0   0   0
2010   4  999 999 999 999 999   0   0   0   0
2011   4  999 999 999 999 999   0   0   0   0
2012   4  999 999 999 999 999   0   0   0   0
2013   4   71  71  73  73  73   1   0   0   0
2015   4  999 999 999 999 999   0   0   0   0
2016   4   72  72  71  71  73   0   0   0   0
2017   4   63  62  59  58  58   0   0   0   0
2018   4   60  59  59  59  59   0  -1  -1  -1
2019   4   58  58  61  62  65   0   0   0   0
2021   4   54  54  54  55  54   0   1   0   0
