Year NDay Positions each day    ; Flags -1=norace, 1=bumped & got bumped
2023   4  24  25  26  25  26   0   0   0   0
2022   4  27  26  24  24  24   0   0   0   0
2021   4  30  29  27  26  25   0   0   0   0
2019   4  36  35  34  33  32   0   0   0   0
2018   4  38  36  36  36  36   0  -1   0  -1
2017   4  27  29  33  37  38   0   0   0   0
2016   4  19  21  25  25  27   0   0   0   0
2015   4  21  22  21  20  19   0   0   0   0
2013   4  27  26  23  22  21   0   0   0   0
2012   4  28  28  29  29  28   0   0   0   0
2011   4  28  27  26  26  28   0   0   0   0
2010   4  29  30  30  29  28   0   1   0   0
2009   4  31  30  30  29  28   0   0   0   0
2008   4  32  30  33  32  31   0   0   0   0
2006   4  31  31  32  34  34   0   0   0   0
2005   4  31  30  30  30  31   0   0   0   0
2004   4  29  29  33  33  32   0   0   0   0
2003   4  32  31  29  28  28   0   0   0  -1
2001   4 999 999 999 999 999   0   0   0   0
1999   4  31  31  31  31  31   0   0   0   0
1998   4  34  33  33  33  33   0   0   0  -1
1997   4  37  35  34  33  33   0   0   0   0
1996   4  37  36  36  37  37   0   0   0   0
1995   4 999 999 999 999 999   0   0   0   0
1994   4  39  39  39  39  39   1  -1  -1  -1
1993   4 999 999 999 999 999   0   0   0   0
1992   4  35  37  44  44  43   0   0   0   0
1991   4  27  30  31  35  35   0   0   0   1
1989   4  22  24  25  27  27   0   0   0   1
1988   4  18  18  20  21  22   0   0   0   0
1987   4  21  20  20  19  18   0   0   0   0
1986   4  19  19  21  21  21   0   0  -1   0
1985   4  22  21  21  20  19   0   0   0   0
1984   4  21  21  22  23  22   0   0   0   0
1983   4  21  20  19  18  21   0   0   0   0
1982   4  20  21  22  21  21   0   0   0   1
1981   4  21  21  20  20  20   1   0   0   1
1980   4  23  22  21  22  21   0   0   0   0
