Year NDay Positions each day    ; Flags -1=norace, 1=bumped & got bumped
2023   4  28  29  29  29  30   0   0   0   0
2022   4  24  25  26  27  28   0   0   0   0
2019   4  25  24  24  24  24   0   0   0   0
2018   4  28  27  26  26  25   0   0   0   0
2017   4  30  29  29  29  28   0   0   0   0
2016   4  30  29  29  30  30   0   0   0   0
2015   4  28  28  29  30  30   0   0   0   0
2014   4  29  29  29  29  28   0   0   0   0
2013   4  33  32  31  30  29   0   0   0   0
2012   4  34  35  35  34  33   0   0   0   0
2011   4  33  32  32  33  34   0   0   0   0
2010   4  34  33  33  34  33   0   0   0   0
2009   4  30  31  32  33  34   0   0   0   0
2008   4  30  31  31  30  30   0   0   0   0
2007   4  28  29  30  30  30   0   0   0   0
2006   4  31  31  30  29  28   0   0   0   0
2005   4  27  28  29  30  31   0   0   0   0
2004   4  29  29  28  28  27   0   0   0   0
2003   4  30  30  29  29  29   0   0   0   0
2002   4  31  30  30  30  30   0   0   0   0
2001   4  28  29  30  31  31   0   0   0   0
2000   4  26  27  28  27  28   0   0   0   0
1999   4  27  27  27  26  26   0   0   0   0
1998   4  28  28  28  27  27   0   0   0   0
1997   4  26  26  27  28  29   0   0   0   0
1996   4  29  29  28  27  26   0   0   0   0
1995   4  31  30  29  29  29   0   0   0   0
1994   4  30  30  30  31  31   0   0   0   0
1993   4  28  29  30  30  30   0   0   0   0
1992   4  28  28  28  28  28   0   0   0   0
1991   4  27  27  27  28  28   0   0   0   0
1990   4  26  26  27  27  27   0   0   0   0
1989   4  25  25  26  26  26   0   0   0   0
1988   4  27  26  26  26  25   0   0   0   0
1987   4  26  24  25  26  27   0   0   0   0
1986   4  24  25  26  26  26   0   0   0   0
1985   4  21  22  23  24  24   0   0   0   0
1984   4  22  22  21  21  21   0   0   0   0
1983   4  19  20  21  21  22   0   0   0   0
1982   4  17  18  18  19  19   0   0   0   0
1981   4  14  15  16  16  17   0   0   0   0
1980   4  16  15  15  15  14   0   0   0   0
1979   4  16  16  15  15  16   0   0   0   0
1978   4  15  15  15  16  16   0   0   0   0
1977   4  17  17  16  15  15   0   0   0   0
1976   4  19  19  18  17  17   0   0   0   0
1975   4  21  21  20  20  19   0   0   0   0
1974   4  24  23  22  21  21   0   0   0   0
1973   4  28  27  26  25  24   0   0   0   0
1972   4  25  26  27  28  28   0   0   0   0
1971   4  27  27  26  26  25   0   0   0   0
1970   4  25  25  26  27  27   0   0   0   0
1969   4  24  24  24  24  25   0   0   0   0
1968   4  23  23  24  24  24   0   0   0   0
1967   4  20  21  22  23  23   0   0   0   0
1966   4  17  18  19  19  20   0   0   0   0
1965   4  13  14  15  16  17   0   0   0   0
1964   4  16  15  14  13  13   0   0   0   0
1963   4  20  19  18  17  16   0   0   0   0
1962   4  19  20  21  20  20   0   0   0   0
1961   4  19  19  18  18  19   0   0   0   0
1960   4  19  19  19  19  19   0   0   0   0
1959   4  19  18  18  19  19   0   0   0   0
1958   4  22  22  21  20  19   0   0   0   0
1957   4  21  21  21  21  22   0   0   0   0
1956   4  22  22  21  21  21   0   0   0   0
1955   4  22  21  21  22  22   0   0   0   0
1954   4  24  24  23  23  22   0   0   0   0
1953   6  21  21  22  23  23  23  24   0   0   0   0   0   0
1952   6  21  22  22  23  23  22  21   0   0   0   0   0   0
1951   6  24  23  23  23  22  21  21   0   0   0   0   0   0
1950   6  30  29  29  28  27  26  24   0   0   0   0   0   0
1949   6  25  26  26  27  28  29  30   0   0   0   0   0   0
1948   6  19  20  21  22  23  24  25   0   0   0   0   0   0
1947   6  14  15  16  17  18  19  19   0   0   0   0   0   0
1946   6  16  16  17  17  16  15  14   0   0   0   0   0   0
1938   6   8   8   8   9  10  10  10   0   0   0   0   0   0
1937   6  10   9   9   9   8   8   8   0   0   0   0   0   0
1936   6  11  11  10  10  10  10  10   0   0   0   0   0   0
1935   6  18  17  16  15  14  12  11   0   0   0   0   0   0
1934   6  24  23  22  21  20  19  18   0   0   0   0   0   0
1933   6  22  22  22  21  22  23  24   0   0   0   0   0   0
1932   6  21  22  22  23  22  22  22   0   0   0   0   0   0
1931   6  21  21  20  20  21  21  21   0   0   0   0   0   0
1930   6  23  23  24  23  23  22  21   0   0   0   0   0   0
1929   6  19  20  21  22  22  22  23   0   0   0   0   0   0
1928   6  20  19  18  18  19  19  19   0   0   0   0   0   0
1927   6  18  19  20  20  20  20  20   0   0   0   0   0   0
1926   4  19  19  18  18  18   0   0   0   0
1925   6  19  20  20  20  19  19  19   0   0   0   0   0   0
1924   6  13  14  15  16  17  18  19   0   0   0   0   0   0
1923   6   7   8   9  10  11  12  13   0   0   0   0   0   0
1922   6   9   8   7   7   7   7   7   0   0   0   0   0   0
1921   6  13  13  12  11  10   9   9   0   0   0   0   0   0
1920   6  10  11  12  12  12  13  13   0   0   0   0   0   0
1914   6  11  12  11  10  10  10  10   0   0   0   0   0   0
1913   6  11  11  11  12  11  11  11   0   0   0   0   0   0
1912   6  11  11  11  11  10  10  11   0   0   0   0   0   0
1911   6   8   8   8   9   9  10  11   0   0   0   0   0   0
1910   4   9   8   8   8   8   0   0   0   0
1909   6  11  10  10  10  10   9   9   0   0   0   0   0   0
1908   6  10  10  10  11  11  11  11   0   0   0   0   0   0
1907   6  11  11  11  12  12  11  10   0   0   0   0   0   0
1906   6  16  15  14  13  12  12  11   0   0   0   0   0   0
1905   6  20  19  19  18  18  17  16   0   0   0   0   0   0
1904   6  18  19  19  19  19  20  20   0   0   0   0   0   0
1903   6  18  19  19  19  18  19  18   0   0   0   0   0   0
1902   6  16  17  17  17  18  18  18   0   0   0   0   0   0
1901   6  13  14  15  16  16  16  16   0   0   0   0   0   0
1900   6  15  15  15  15  14  14  13   0   0   0   0   0   0
1899   6  16  17  17  17  16  16  15   0   0   0   0   0   0
1898   6  15  16  17  17  16  16  16   0   0   0   0   0   0
1897   6  16  15  15  15  15  15  15   0   0   0   0   0   0
1896   6  21  20  19  18  17  17  16   0   0   0   0   0   0
1895   6  21  21  21  21  21  21  21   0   0   0   0   0   0
1894   6  16  17  18  19  20  21  21   0   0   0   0   0   0
1893   6  18  17  17  16  16  16  16   0   0   0   0   0   0
1892   6  12  13  14  15  16  17  18   0   0   0   0   0   0
1891   6   9   9   9  10  11  12  12   0   0   0   0   0   0
1890   6  12  12  10   9   9   9   9   0   0   0   0   0   0
1889   6   6   7   8   9  10  11  12   0   0   0   0   0   0
1888   6   5   4   4   5   5   5   6   0   0   0   0   0   0
1887   6   4   4   5   5   5   5   5   0   0   0   0   0   0
1886   6   1   2   3   3   4   4   4   0   0   0   0   0   0
1885   6   2   1   1   1   1   1   1   0   0   0   0   0   0
1884   6   3   3   2   2   2   2   2   0   0   0   0   0   0
1883   6   6   5   4   4   4   3   3   0   0   0   0   0   0
1882   6   8   8   7   6   5   5   6   0   0   0   0   0   0
1881   6  11  11  11  10  10   9   8   0   0   0   0   0   0
1880   6  12  12  12  11  10  10  11   0   0   0   0   0   0
1879   6   7   8   9  10  11  12  12   0   0   0   0   0   0
1878   6   9   9   8   8   8   7   7   0   0   0   0   0   0
1877   8   5   5   6   7   8   9   9   9   9   0   0   0   0   0   0   0   0
1876   8   4   4   4   4   4   4   5   5   5   0   0   0   0   0   0   0   0
1875   8   7   6   5   5   4   4   4   4   4   0   0   0   0   0   0   0   0
1874   8   9   8   7   6   5   5   6   7   7   0   0   0   0   0   0   0   0
1873   8  12  11  11  10  10   9   9   9   9   0   0   0   0   0   0   0   0
1872   8  10  10  11  12  12  12  12  12  12   0   0   0   0   0   0   0   0
1871   8   7   8   8   8   9   9   9   9  10   0   0   0   0   0   0   0   0
1870   8   7   7   7   7   7   7   7   7   7   0   0   0   0   0   0   0   0
1869   8   1   1   2   3   4   5   6   7   7   0   0   0   0   0   0   0   0
1868   8   2   2   1   1   1   1   1   1   1   0   0   0   0   0   0   0   0
1867   8   2   2   2   2   2   2   2   2   2   0   0   0   0   0   0   0   0
1866   8   4   3   2   1   2   2   2   2   2   0   0   0   0   0   0   0   0
1865   8   9   8   7   6   6   6   5   5   4   0   0   0   0   0   0   0   0
1864   8  10   9   9   9   9   9   9   9   9   0   0   0   0   0   0   0   0
1863   8  10  10   9   9   9   9  10  10  10   0   0   0   0   0   0   0   0
1862   8  10  11  11  11  11  11  10  10  10   0   0   0   0   0   0   0   0
1861   8  12  11  11  11  11  11  11  11  10   0   0   0   0   0   0   0   0
1860   8  10  10  10  11  12  12  12  12  12   0   0   0   0   0   0   0   0
1859   8  13  12  12  13  13  12  12  11  10   0   0   0   0   0   0   0   0
1858   8  14  14  13  13  13  13  13  13  13   0   0   0   0   0   0   0   0
1857   8 999 999 999 999 999 999 999 999 999   0   0   0   0   0   0   0   0
1856   8 999 999 999 999 999 999 999 999 999   0   0   0   0   0   0   0   0
1855   8 999 999 999 999 999 999 999 999 999   0   0   0   0   0   0   0   0
1854   8 999 999 999 999 999 999 999 999 999   0   0   0   0   0   0   0   0
1853   8 999 999 999 999 999 999 999 999 999   0   0   0   0   0   0   0   0
1852   8 999 999 999 999 999 999 999 999 999   0   0   0   0   0   0   0   0
1851   8 999 999 999 999 999 999 999 999 999   0   0   0   0   0   0   0   0
1850   8 999 999 999 999 999 999 999 999 999   0   0   0   0   0   0   0   0
1849   8 999 999 999 999 999 999 999 999 999   0   0   0   0   0   0   0   0
1848   8 999 999 999 999 999 999 999 999 999   0   0   0   0   0   0   0   0
1847   8 999 999 999 999 999 999 999 999 999   0   0   0   0   0   0   0   0
1846   8 999 999 999 999 999 999 999 999 999   0   0   0   0   0   0   0   0
1845   8  16  16  15  14  14  13  12 999 999  -1   0   0   0   0   0   0   0
1844  10 999 999 999 999 999 999 999 999 999 999 999   0   0   0   0   0   0   0   0   0   0
1843   8  13  13  13  13  11  11  10  10   9   0   0   0   0   0   0   0   0
1842   7 999 999 999 999 999 999 999 999   0   0   0   0   0   0   0
1841   6 999 999 999 999 999 999 999   0   0   0   0   0   0
1840   9  12  11  11  11   9 999 999 999 999 999   0   0   0   0   0   0   0   0   0
1839   7 999 999 999 999 999 999 999 999   0   0   0   0   0   0   0
1838   6 999 999 999 999 999 999 999   0   0   0   0   0   0
1837   7   5   6   6   6   5   5   5   4   0   0   0   0   0   0   0
1836   5 999 999 999 999 999 999   0   0   0   0   0
1835   3 999 999 999 999   0   0   0
1834   5   7   7   7   7   7   6  -1  -1  -1  -1   0
