Year NDay Positions each day    ; Flags -1=norace, 1=bumped & got bumped
2023   4  29  29  29  29  29   0   0   0   0
2022   4  29  28  28  29  29   0   0   0   0
2019   4  31  31  31  30  29   0   0   0   0
2018   4  31  31  31  31  31   0   0   0   0
2017   4  28  28  29  30  31   0   0   0   0
2016   4  28  27  27  28  29   0   0   0   0
2015   4  27  28  29  29  28   0   0   0   0
2014   4  28  28  27  27  26   0   0   0   0
2013   4  31  31  30  29  29   0   0   0   0
2012   4  31  31  30  30  31   0   0   0   0
2011   4  31  30  30  31  31   0   0   0   0
2010   4  27  28  29  30  31   0   0   0   0
2009   4  28  29  28  27  27   0   0   0   0
2008   4  28  28  29  29  28   0   0   0   0
2007   4  27  26  26  27  28   0   0   0   0
2006   4  31  30  29  28  27   0   0   0   0
2005   4  30  31  32  32  31   0   0   0   0
2004   4  27  27  28  29  30   0   0   0   0
2003   4  28  29  28  28  27   0   0   0   0
2002   4  30  29  29  28  28   0   0   0   0
2001   4  28  29  30  30  30   0   0   0   0
2000   4  27  28  27  27  28   0   0   0   0
1999   4  31  31  30  29  28   0   0   0   0
1998   4  33  32  31  31  31   0   0   0   0
1997   4  36  35  35  34  33   0   0   0   0
1996   4  37  38  37  36  36   0   0   0   0
1995   4  32  35  36  37  37   0   0   0   0
1994   4  27  30  30  31  32   0   0   0   0
1993   4  28  27  27  27  27   0  -1  -1   0
1992   4  27  26  26  27  28   0   0   0   0
1991   4  20  21  22  25  26   0   0   0   0
1990   4  16  15  18  19  20   0   0   0   0
1989   4  14  15  16  15  16   0   0   0   0
1988   4  10  11  12  13  14   0   0   0   0
1987   4   7   8   9  10  10   0   0   0   0
1986   4   8   8   7   7   7   0   0   0   0
1985   4  11  11  10   9   8   0   0   0   0
1984   4  14  12  11  10  11   0   0   0   0
1983   4  17  17  16  15  14   0   0   0   0
1982   4  21  20  19  18  17   0   0   0   0
1981   4  26  26  26  24  21   0   0   0   0
1980   4 999 999 999 999 999   0   0   0   0
1979   4   9   8   8   7   6   0   0   0   0
1978   4  14  12  11  10   9   0   0   0   0
