Year NDay Positions each day    ; Flags -1=norace, 1=bumped & got bumped
2023   4  64  65  66  67  68   0   0   0   0
2022   4  60  61  62  63  64   0   0   0   0
2019   4  57  60  59  58  58   0   0   0   0
2018   4  65  62  61  60  59   0   0   0   0
2017   4  71  70  69  68  68   0   0   0   0
2016   4 999 999 999 999 999   0   0   0   0
2015   4 999 999 999 999 999   0   0   0   0
2014   4  73  72  72  69  68   0   0   0   0
2013   4 999 999 999 999 999   0   0   0   0
2012   4  72  71  70  69  68   0   0   0   0
2011   4 999 999 999 999 999   0   0   0   0
2010   4 999 999 999 999 999   0   0   0   0
2009   4 999 999 999 999 999   0   0   0   0
2008   4 999 999 999 999 999   0   0   0   0
2007   4  53  54  55  56  59   0   0   0   0
2006   4  57  57  56  56  57   0   0   0   0
2005   4  55  56  56  56  57   0   0   0   0
2004   4  51  51  52  53  54   0   0   0   0
2003   4  52  51  51  52  53   0   0   0   0
2002   4  56  56  55  55  54   0   0   0   0
2001   4  54  55  56  57  58   0   0   0   0
2000   4  57  57  57  57  58  -1  -1   0   0
1999   4 999 999 999 999 999   0   0   0   0
1998   4 999 999 999 999 999   0   0   0   0
1997   4 999 999 999 999 999   0   0   0   0
1996   4 999 999 999 999 999   0   0   0   0
1995   4 999 999 999 999 999   0   0   0   0
1994   4 999 999 999 999 999   0   0   0   0
1993   4 999 999 999 999 999   0   0   0   0
1992   4 999 999 999 999 999   0   0   0   0
1991   4 999 999 999 999 999   0   0   0   0
1990   4 999 999 999 999 999   0   0   0   0
1989   4 999 999 999 999 999   0   0   0   0
1988   4  46  46  45  44  43   0   0   0   0
1987   4  52  51  51  50  49   0   0   0   0
1986   4  60  60  60  60  61   0   0   0   0
1985   4 999 999 999 999 999   0   0   0   0
1984   4 999 999 999 999 999   0   0   0   0
1983   4 999 999 999 999 999   0   0   0   0
1982   4  38  36  36  36  35   0   0   0   0
