Year NDay Positions each day    ; Flags -1=norace, 1=bumped & got bumped
2023   4  71  72  73  74  74   0   0   0   0
2022   4  79  80  81  82  82   0   0   0   0
2019   4 999 999 999 999 999   0   0   0   0
2018   4 999 999 999 999 999   0   0   0   0
2017   4 999 999 999 999 999   0   0   0   0
2016   4 999 999 999 999 999   0   0   0   0
2015   4 999 999 999 999 999   0   0   0   0
2014   4 999 999 999 999 999   0   0   0   0
2013   4 999 999 999 999 999   0   0   0   0
2012   4 999 999 999 999 999   0   0   0   0
2011   4 999 999 999 999 999   0   0   0   0
2010   4  85  83  82  81  81   0   0   0   0
2009   4 999 999 999 999 999   0   0   0   0
2008   4  79  80  81  84  85   0   0   0   0
2007   4 999 999 999 999 999   0   0   0   0
2006   4  71  71  71  72  73   0   0   0   0
2005   4  70  70  73  74  75   0   0   0   0
2004   4  73  73  73  74  73   0   0   0   0
2003   4  82  82  81  80  80   0   0   0   0
2002   4 999 999 999 999 999   0   0   0   0
2001   4 999 999 999 999 999   0   0   0   0
2000   4  97  97  97  97  96  -1  -1   0   0
1999   4 999 999 999 999 999   0   0   0   0
1998   4 999 999 999 999 999   0   0   0   0
1997   4  96  95  95  94  93   0   0   0   0
1996   4 999 999 999 999 999   0   0   0   0
1995   4  70  71  72  73  76   0   0   0   0
1994   4  67  68  69  70  71   0   0   0   0
1993   4  67  67  67  67  67   0  -1  -1   0
1992   4  65  66  65  66  67   0   0   0   0
1991   4  67  67  66  65  65   0   0   0   0
1990   4  62  65  64  65  66   0   0   0   0
1989   4  60  60  61  62  62   0   0   0   0
1988   4  63  63  62  61  60   0   0   0   0
1987   4  60  61  61  62  63   0   0   0   0
1986   4  56  57  58  59  60   0   0   0   0
1985   4  51  52  53  54  55   0   0   0   0
1984   4  56  55  52  51  50   0   0   0   0
1983   4  57  58  58  57  56   0   0   0   0
1982   4  53  54  55  56  57   0   0   0   0
1981   4  54  54  54  53  53   0   0   0   0
1980   4  54  54  53  53  54   0   0   0   0
1979   4  51  51  52  53  54   0   0   0   0
1978   4  54  54  53  52  51   0   0   0   0
1977   4  56  56  56  55  54   0   0   0   0
1976   4  60  59  58  57  56   0   0   0   0
1975   4  64  63  62  61  60   0   0   0   0
1974   4  66  65  65  64  64   0   0   0   0
1973   4  58  61  64  65  65   0   0   0   0
1972   4  60  59  59  58  57   0   0   0   0
1971   4  64  64  63  62  60   0   0   0   0
1970   4  63  64  65  65  64   0   0   0   0
1969   4  65  65  64  63  63   0   0   0   0
1968   4  69  68  67  66  65   0   0   0   0
1967   4  65  66  67  68  69   0   0   0   0
1966   4  65  66  65  65  65   0   0   0   0
1965   4  63  63  64  65  66   0   0   0   0
1964   4  67  67  66  65  64   0   0   0   0
1963   4  63  64  65  66  67   0   0   0   0
1962   4  60  61  61  62  63   0   0   0   0
1961   4  56  57  58  59  60   0   0   0   0
1960   4  54  54  55  56  56   0   0   0   0
1959   4  59  58  55  54  54   0   0   0   0
1958   4  63  62  60  59  59   0   0   0   0
1957   4  60  61  62  63  64   0   0   0   0
1956   4  65  64  63  62  60   0   0   0   0
1955   4  63  64  65  65  66   0   0   0   0
1954   4  61  61  62  63  64   0   0   0   0
1953   6  56  56  57  58  59  60  61   0   0   0   0   0   0
1952   6  50  51  52  53  54  55  56   0   0   0   0   0   0
1951   6  46  45  46  47  48  49  50   0   0   0   0   0   0
1950   6  53  52  51  50  48  47  46   0   0   0   0   0   0
1949   6  53  53  53  53  54  54  53   0   0   0   0   0   0
1948   6  57  56  56  55  55  54  53   0   0   0   0   0   0
1947   6  52  52  53  54  55  56  57   0   0   0   0   0   0
1946   6  56  56  55  54  53  52  52   0   0   0   0   0   0
1938   6  52  55  56  57  58  59  60   0   0   0   0   0   0
1937   6  50  51  52  52  52  53  54   0   0   0   0   0   0
1936   6  46  46  47  48  49  50  50   0   0   0   0   0   0
1935   6  49  49  48  48  48  47  46   0   0   0   0   0   0
1934   6  55  55  54  53  52  51  50   0   0   0   0   0   0
