Year NDay Positions each day    ; Flags -1=norace, 1=bumped & got bumped
2023   4  27  24  23  22  21   0   0   0   0
2022   4  33  32  31  29  27   0   0   0   0
2021   4  28  30  31  31  31   0   0   1   0
2019   4  27  27  28  29  30   0   0   0   0
2018   4  28  27  27  27  27   0  -1   0   0
2017   4  30  31  30  29  28   0   0   0   0
2016   4  33  32  31  31  30   0   0   0   0
2015   4  24  25  31  32  33   0   0   0   0
2013   4  14  15  19  21  24   0   0   0   0
2012   4   9  10  12  13  14   0   0   0   0
2011   4  13  12  11  10   9   0   0   0   0
2010   4  10   9  10  11  13   0   0   0   0
2009   4  15  14  12  11  10   0   0   0   0
2008   4  16  16  16  16  16   0   0   1   0
2006   4  20  19  18  17  16   0   0   0   0
2005   4  21  22  22  21  20   0   0   0   0
2004   4  23  22  22  22  21   0   0   0   0
2003   4  28  26  24  22  22   0   0   0  -1
2001   4  25  25  26  27  26   0   0   0   0
1999   4  26  30  29  28  27   0   0   0   0
1998   4  25  25  27  28  28   0   0   0  -1
1997   4  23  23  24  24  24   0   0   0   0
1996   4  28  26  25  25  24   0   0   0   0
1995   4 999 999 999 999 999   0   0   0   0
1994   4  28  29  29  29  29   0  -1  -1  -1
1993   4  22  22  25  27  28   1   0   0   0
1992   4  27  26  24  23  22   0   0   0   0
1991   4  29  29  29  28  27   1   0   0   0
1989   4  26  27  28  30  29   0   0   0   0
1988   4  22  25  25  26  26   0   0   0   0
1987   4  23  24  23  22  22   0   0   0   0
1986   4  20  22  22  22  23   0   0  -1   0
1985   4  16  17  18  19  20   0   0   0   0
1984   4  13  13  14  14  16   0   0   0   0
1983   4  12  13  14  12  13   0   0   0   0
1982   4  16  15  14  12  12   0   0   0   0
1981   4  18  18  17  16  16   0   0   0   0
1980   4  19  18  20  19  18   0   0   0   0
