Year NDay Positions each day    ; Flags -1=norace, 1=bumped & got bumped
2023   4  25  25  24  21  20   0   0   0   0
2022   4  27  27  26  25  25   0   0   0   0
2019   4  24  25  25  26  27   0   0   0   0
2018   4  23  22  22  23  24   0   0   0   0
2017   4  26  26  25  24  23   0   0   0   0
2016   4  26  26  26  27  27   0   0   0   0
2015   4  24  25  26  25  26   0   0   0   0
2014   4  19  20  21  22  23   0   0   0   0
2013   4  21  21  21  21  20   0   0   0   0
2012   4  20  19  19  20  21   0   0   0   0
2011   4  22  22  22  21  20   0   0   0   0
2010   4  19  19  20  21  22   0   0   0   0
2009   4  18  19  20  20  19   0   0   0   0
2008   4  19  19  19  18  18   0   0   0   0
2007   4  20  20  20  20  19   0   0   0   0
2006   4  23  22  22  21  20   0   0   0   0
2005   4  28  27  26  24  23   0   0   0   0
2004   4  30  29  29  28  28   0   0   0   0
2003   4  29  28  29  29  30   0   0   0   0
2002   4  27  28  28  29  29   0   0   0   0
2001   4  26  26  26  27  27   0   0   0   0
2000   4  25  26  26  26  26   0   0   0   0
1999   4  28  28  28  27  26   0   0   0   0
1998   4  27  26  26  27  28   0   0   0   0
1997   4  25  25  26  26  27   0   0   0   0
1996   4  26  26  25  25  25   0   0   0   0
1995   4  30  29  28  27  26   0   0   0   0
1994   4  28  29  29  29  30   0   0   0   0
1993   4  29  29  29  29  28   0  -1  -1   0
1992   4  32  31  30  30  29   0   0   0   0
1991   4  34  34  34  33  32   0   0   0   0
1990   4  38  36  35  34  34   0   0   0   0
1989   4  42  41  40  39  38   0   0   0   0
1988   4  45  44  43  42  42   0   0   0   0
1987   4  49  50  49  48  47   0   0   0   0
1986   4  49  49  50  51  52   0   0   0   0
1985   4  53  52  52  53  53   0   0   0   0
1984   4 999 999 999 999 999   0   0   0   0
1983   4  24  25  25  26  25   0   0   0   0
1982   4  22  23  22  23  24   0   0   0   0
1981   4  25  24  23  23  22   0   0   0   0
1980   4  28  29  29  28  28   0   0   0   0
