Year NDay Positions each day    ; Flags -1=norace, 1=bumped & got bumped
2023   4  68  68  67  66  65   0   0   0   0
2022   4  65  66  66  67  68   0   0   0   0
2019   4  62  62  62  63  64   0   0   0   0
2018   4  64  63  64  63  66   0   0   0   0
2017   4  65  64  65  65  66   0   0   0   0
2016   4  71  72  72  72  73   0   0   0   0
2015   4  76  77  78  79  79   0   0   0   0
2014   4 999 999 999 999 999   0   0   0   0
2013   4  59  58  57  57  57   0   0   0   0
2012   4  55  56  57  58  59   0   0   0   0
2011   4  52  53  53  54  55   0   0   0   0
2010   4  54  53  53  54  54   0   0   0   0
2009   4  58  57  56  55  54   0   0   0   0
2008   4  62  61  60  59  59   0   0   0   0
2007   4  57  58  61  61  62   0   0   0   0
2006   4  58  59  59  60  61   0   0   0   0
2005   4  61  61  60  59  59   0   0   0   0
2004   4  67  66  65  65  64   0   0   0   0
2003   4 999 999 999 999 999   0   0   0   0
2002   4  63  63  62  61  60   0   0   0   0
2001   4  65  66  66  67  68   0   0   0   0
2000   4 999 999 999 999 999   0   0   0   0
1999   4  61  61  60  60  60   0   0   0   0
1998   4 999 999 999 999 999   0   0   0   0
1997   4  51  50  50  50  51   0   0   0   0
1996   4  49  50  51  52  53   0   0   0   0
1995   4  53  53  53  52  51   0   0   0   0
1994   4 999 999 999 999 999   0   0   0   0
1993   4  48  49  49  49  50   0  -1  -1   0
1992   4  53  54  54  53  52   0   0   0   0
1991   4  60  59  59  58  61   0   0   0   0
1990   4 999 999 999 999 999   0   0   0   0
1989   4 999 999 999 999 999   0   0   0   0
1988   4 999 999 999 999 999   0   0   0   0
1987   4 999 999 999 999 999   0   0   0   0
1986   4  58  58  59  59  59   0   0   0   0
1985   4 999 999 999 999 999   0   0   0   0
1984   4 999 999 999 999 999   0   0   0   0
1983   4 999 999 999 999 999   0   0   0   0
1982   4 999 999 999 999 999   0   0   0   0
1981   4 999 999 999 999 999   0   0   0   0
1980   4  30  30  30  30  31   0   0   0   0
