Year NDay Positions each day    ; Flags -1=norace, 1=bumped & got bumped
2023   4  73  72  72  70  69   0   0   0   0
2022   4 999 999 999 999 999   0   0   0   0
2021   4 999 999 999 999 999   0   0   0   0
2019   4  60  60  60  58  58   1   0   0   0
2018   4 999 999 999 999 999   0   0   0   0
2017   4  59  60  61  59  61   0   0   0   0
2016   4 999 999 999 999 999   0   0   0   0
2015   4 999 999 999 999 999   0   0   0   0
2013   4  44  44  49  53  54   0   0   0   1
2012   4 999 999 999 999 999   0   0   0   0
2011   4  40  39  38  38  39   0   0   0   0
2010   4  41  41  40  40  41  -1   0   0   0
2009   4  45  43  42  41  40   0   0   0   0
2008   4  44  43  41  41  44   0   0   0   0
2006   4  57  55  59  58  58   0   0   0   0
2005   4 999 999 999 999 999   0   0   0   0
2004   4  55  53  51  50  48   0   0   0   0
2003   4  61  60  61  59  59   0   0   0  -1
2001   4 999 999 999 999 999   0   0   0   0
1999   4  60  60  60  60  56  -1  -1  -1   0
1998   4 999 999 999 999 999   0   0   0   0
1997   4 999 999 999 999 999   0   0   0   0
1996   4 999 999 999 999 999   0   0   0   0
1995   4 999 999 999 999 999   0   0   0   0
1994   4 999 999 999 999 999   0   0   0   0
1993   4 999 999 999 999 999   0   0   0   0
1992   4  39  40  39  38  37   0   0   0   0
1991   4  44  44  45  45  44   1   0   0   0
1989   4  45  49  51  50  47   0   0   0   0
