Year NDay Positions each day    ; Flags -1=norace, 1=bumped & got bumped
2023   4  52  52  52  52  51   0   0   0   0
2022   4  58  57  56  55  54   0   0   0   0
2021   4 999 999 999 999 999   0   0   0   0
2019   4  57  56  55  54  53   0   0   0   0
2018   4  59  58  58  58  58   0  -1   0  -1
2017   4  56  57  56  56  57   0   0   0   0
2016   4  61  62  60  59  58   0   0   0   0
2015   4 999 999 999 999 999   0   0   0   0
2013   4  36  37  49  53  58   0   0   0   0
2012   4  33  33  32  34  36   0   0   0   0
2011   4  30  30  31  32  33   0   0   0   0
2010   4  31  31  30  30  30   0   0   0   0
2009   4  29  29  29  31  31   0   0   0   0
2008   4  32  31  30  29  29   0   0   0   0
2006   4  28  31  31  30  32   0   0   0   0
2005   4  27  26  27  27  28   0   0   1   0
2004   4  31  30  29  28  27   0   0   0   0
2003   4  34  33  32  31  31   0   0   0  -1
2001   4  39  39  36  34  34  -1   0   0   0
1999   4  50  47  46  43  42   0   0   0   0
1998   4  40  49  50  51  51   0   0   0  -1
1997   4  42  41  39  39  39   0   0   0   0
1996   4  39  40  40  42  42   0   0   0   0
1995   4 999 999 999 999 999   0   0   0   0
1994   4  40  40  40  40  40   0  -1  -1  -1
1993   4  44  43  42  41  40   0   0   0   0
1992   4  46  46  45  44  45   0   0   0   0
1991   4  44  45  45  44  45   0   0   0   0
1990   4 999 999 999 999 999   0   0   0   0
1989   4  45  46  45  44  44   0   0   0   0
1988   4  43  42  44  44  45   0   0   0   0
1987   4  28  28  31  37  39   0   0   0   0
1986   4  26  27  27  27  28   0   0  -1   0
1985   4  27  27  27  26  26   0   0   0   0
1984   4  30  30  28  27  27   0   0   0   0
1983   4  32  31  30  29  30   0   0   0   0
1982   4  35  34  33  32  32   0   0   0   0
1981   4  35  35  35  34  35   0   0   0   0
1980   4  38  38  36  35  35   0   0   0   0
1979   4  39  40  40  39  38   0   0   0   0
1978   4  45  43  42  41  39   0   0   1   0
1976   4  44  42  44  45  46   0   0   0   0
1975   4  48  51  53  54  56   0   0   0   0
1974   4  49  49  49  49  49   1   0   0   0
1973   4 999 999 999 999 999   0   0   0   0
1972   4 999 999 999 999 999   0   0   0   0
1971   4  43  43  43  43  45   0   0   1   0
1970   4  41  41  43  44  45   0   0   0   0
1969   4  42  41  42  41  42   0   0   0   0
1968   4  41  41  40  41  42   1   1   0   0
1967   4  39  39  40  40  41   0   0   0   0
1966   4  35  36  38  39  40   0   0   0   0
1965   4  34  36  36  36  36   0   0   0   0
1964   4  35  34  36  36  36   0   0   0   0
1962   4  35  35  35  35  36   0   0   0   0
1961   4  38  36  36  36  35   0   0   0   0
1960   4  42  41  40  39  38   0   0   0   0
1959   4  38  39  40  41  42   0   0   0   0
1958   4  41  40  40  40  39   0   0   0   0
1957   4  44  44  43  42  41   0   0   0   0
1956   4  47  47  46  45  44   0   0   0   0
1955   6  42  43  44  45  46  47  48   0   0   0   0   0   0
1954   6  41  41  42  42  43  44  44   0   0   0   0   0   0
1953   6  42  41  40  40  41  41  41   0   0   0   0   0   0
1952   6  39  40  41  42  42  42  42   0   0   0   0   0   0
1951   6  41  41  40  39  38  38  39   0   0   0   0   0   0
1950   6  33  34  37  38  39  40  41   0   0   0   0   0   0
1949   4  29  30  31  32  33   0   0   0   0
1948   6  24  25  25  26  27  28  29   0   0   0   0   0   0
1947   6  29  29  28  27  26  25  24   0   0   0   0   0   0
1946   6  27  28  29  30  30  30  30   0   0   0   0   0   0
1938   6  28  29  30  30  30  30  30   0   0   0   0   0   0
1937   6  34  33  32  31  30  29  28   0   0   0   0   0   0
1936   6  32  32  33  33  33  34  34   0   0   0   0   0   0
1935   6  31  31  31  31  32  32  32   0   0   0   0   0   0
1934   6  31  30  31  32  32  31  31   0   0   0   0   0   0
1933   6  29  30  31  32  32  32  31   0   0   0   0   0   0
1932   6  30  29  28  27  27  28  29   0   0   0   0   0   0
1931   6  31  30  30  31  31  30  30   0   0   0   0   0   0
1930   6  28  28  29  30  30  31  31   0   0   0   0   0   0
1929   4  28  27  27  27  28   0   0   0   0
1928   6  32  31  31  30  29  28  28   0   0   0   0   0   0
1927   6 999 999 999 999 999 999 999   0   0   0   0   0   0
1926   6  31  31  32  33  33  33  33   0   0   0   0   0   0
1925   6  34  34  33  33  32  32  32   0   0   0   0   0   0
1924   6 999 999 999 999 999 999 999   0   0   0   0   0   0
1923   6 999 999 999 999 999 999 999   0   0   0   0   0   0
1922   6 999 999 999 999 999 999 999   0   0   0   0   0   0
1921   6  36  36  36  36  36  36  36   0   0   0   0   0   0
1920   6 999 999 999 999 999 999 999   0   0   0   0   0   0
1914   6 999 999 999 999 999 999 999   0   0   0   0   0   0
1913   6  33  33  32  31  30  29  29   0   0   0   0   0   0
1912   6 999 999 999 999 999 999 999   0   0   0   0   0   0
1911   6 999 999 999 999 999 999 999   0   0   0   0   0   0
1910   6 999 999 999 999 999 999 999   0   0   0   0   0   0
1909   6 999 999 999 999 999 999 999   0   0   0   0   0   0
1908   6  31  32  33  34  34  34  33   0   0   0   0   0   0
1907   6 999 999 999 999 999 999 999   0   0   0   0   0   0
1906   6 999 999 999 999 999 999 999   0   0   0   0   0   0
1905   6 999 999 999 999 999 999 999   0   0   0   0   0   0
1904   6 999 999 999 999 999 999 999   0   0   0   0   0   0
1903   6 999 999 999 999 999 999 999   0   0   0   0   0   0
1902   6 999 999 999 999 999 999 999   0   0   0   0   0   0
1901   6 999 999 999 999 999 999 999   0   0   0   0   0   0
1900   6 999 999 999 999 999 999 999   0   0   0   0   0   0
1899   6 999 999 999 999 999 999 999   0   0   0   0   0   0
1898   6  21  22  23  24  25  25  25   0   0   0   0   0   0
1897   6  26  25  25  24  23  22  21   0   0   0   0   0   0
1896   6  30  29  28  27  27  27  26   0   0   0   0   0   0
1894   6 999 999 999 999 999 999 999   0   0   0   0   0   0
1893   6 999 999 999 999 999 999 999   0   0   0   0   0   0
1892   6 999 999 999 999 999 999 999   0   0   0   0   0   0
1891   6  26  26  26  26  26  26  26   0   0   0   0   0   0
1890   6  27  27  26  27  27  26  26   0   0   0   0   0   0
1889   6 999 999 999 999 999 999 999   0   0   0   0   0   0
1888   6 999 999 999 999 999 999 999   0   0   0   0   0   0
1887   6  26  27  27  27  27  27  27   0   0   0   0   0   0
1886   6  27  27  27  26  26  26  26   0   0   0   0   0   0
1885   6  27  27  27  26  26  26  27   0   0   0   0   0   0
1884   6 999 999 999 999 999 999 999   0   0   0   0   0   0
1883   6 999 999 999 999 999 999 999   0   0   0   0   0   0
1882   6 999 999 999 999 999 999 999   0   0   0   0   0   0
1881   6 999 999 999 999 999 999 999   0   0   0   0   0   0
1880   6 999 999 999 999 999 999 999   0   0   0   0   0   0
1879   6 999 999 999 999 999 999 999   0   0   0   0   0   0
1878   6 999 999 999 999 999 999 999   0   0   0   0   0   0
1877   6 999 999 999 999 999 999 999   0   0   0   0   0   0
1876   6 999 999 999 999 999 999 999   0   0   0   0   0   0
1875   6 999 999 999 999 999 999 999   0   0   0   0   0   0
1874   6 999 999 999 999 999 999 999   0   0   0   0   0   0
1873   6 999 999 999 999 999 999 999   0   0   0   0   0   0
1872   6 999 999 999 999 999 999 999   0   0   0   0   0   0
1871   6 999 999 999 999 999 999 999   0   0   0   0   0   0
1870   6 999 999 999 999 999 999 999   0   0   0   0   0   0
1869   6  11  12  13  14  15  15  15   0   0   0   0   0   0
1868   6  13  13  13  13  12  11  11   0   0   0   0   0   0
1867   6  14  14  14  13  13  13  13   0   0   0   0   0   0
1866   6  15  15  14  14  14  14  14   0   0   0   0   0   0
1865   5 999 999 999 999 999 999   0   0   0   0   0
1864   6  14  15  15  15  15  15  15   0   0   0   0   0   0
1863   6 999 999 999 999 999 999 999   0   0   0   0   0   0
1862   6 999 999 999 999 999 999 999   0   0   0   0   0   0
1861   6 999 999 999 999 999 999 999   0   0   0   0   0   0
1860   6  12  13  14  14  14  13  13   0   0   0   0   0   0
1859   6 999 999 999 999 999 999 999   0   0   0   0   0   0
1858   6   9  10  11  12  12  12 999   0   0   0   0   0   0
1857   6  11  11  11  10  10   9   9   0   0   0   0   0   0
1856   6 999 999 999 999 999 999 999   0   0   0   0   0   0
1855   6 999 999 999 999 999 999 999   0   0   0   0   0   0
1854   6  13  14  14  14  14  14  14   0   0   0   0   0   0
