Year NDay Positions each day    ; Flags -1=norace, 1=bumped & got bumped
2023   4  69  69  69  68  68   0   0   0   0
2022   4  73  74  75  76  77   0   0   0   0
2019   4  84  83  82  81  80   0   0   0   0
2018   4 999 999 999 999 999   0   0   0   0
2017   4 999 999 999 999 999   0   0   0   0
2016   4 999 999 999 999 999   0   0   0   0
2015   4  64  65  66  67  67   0   0   0   0
2014   4  69  68  67  65  64   0   0   0   0
2013   4  69  70  70  71  72   0   0   0   0
2012   4  72  71  71  70  69   0   0   0   0
2011   4  77  77  78  75  74   0   0   0   0
