Year NDay Positions each day    ; Flags -1=norace, 1=bumped & got bumped
2023   4  35  34  33  33  32   0   0   0   0
2022   4  38  38  37  36  35   0   0   0   0
2019   4  42  41  39  39  38   0   0   0   0
2018   4  44  44  43  43  42   0   0   0   0
2017   4  48  47  46  45  44   0   0   0   0
2016   4  51  50  50  49  48   0   0   0   0
2015   4  47  48  49  50  51   0   0   0   0
2014   4  50  49  49  48  47   0   0   0   0
2013   4  55  55  54  52  51   0   0   0   0
2012   4  59  58  57  56  55   0   0   0   0
2011   4  67  66  65  64  60   0   0   0   0
2010   4  69  69  69  70  70   0   0   0   0
2009   4  75  75  74  73  72   0   0   0   0
