Year NDay Positions each day    ; Flags -1=norace, 1=bumped & got bumped
2023   4  44  44  43  42  41   0   0   0   0
2022   4  43  43  43  44  44   0   0   0   0
2019   4  44  44  43  42  42   0   0   0   0
2018   4  45  46  46  45  44   0   0   0   0
2017   4  48  48  47  46  46   0   0   0   0
2016   4  53  53  52  51  50   0   0   0   0
2015   4  55  55  55  54  53   0   0   0   0
2014   4  60  59  58  57  56   0   0   0   0
2013   4  66  66  65  65  64   0   0   0   0
2012   4  61  64  65  66  67   0   0   0   0
2011   4  65  64  63  63  62   0   0   0   0
