Year NDay Positions each day    ; Flags -1=norace, 1=bumped & got bumped
2023   4  57  55  53  52  51   0   0   0   0
2022   4  60  60  61  60  59   0   0   0   0
2021   4 999 999 999 999 999   0   0   0   0
2019   4  52  52  54  56  57   0   0   0   0
2018   4  61  60  60  60  60   0  -1   0  -1
2017   4 999 999 999 999 999   0   0   0   0
2016   4  38  42  49  50  52   0   0   0   0
2015   4  45  43  41  39  38   0   0   0   0
2013   4  49  48  47  45  45   0   0   0   0
2012   4  51  51  52  51  52   0   0   0   0
2011   4  57  56  55  54  54   0   0   0   1
