Year NDay Positions each day    ; Flags -1=norace, 1=bumped & got bumped
2023   4  17  17  16  16  15   0   0   0   0
2022   4  21  20  19  18  17   0   0   0   0
2019   4  25  24  23  22  21   0   0   0   0
2018   4  30  29  28  26  25   0   0   0   0
2017   4  33  32  32  31  30   0   0   0   0
2016   4  37  37  36  35  34   0   0   0   0
2015   4  42  41  39  38  37   0   0   0   0
2014   4  44  44  43  42  41   0   0   0   0
2013   4  53  52  51  46  45   0   0   0   0
2012   4  56  55  55  54  53   0   0   0   0
2011   4  60  59  58  57  56   0   0   0   0
2010   4  63  63  64  65  65   0   0   0   0
2009   4  67  68  68  67  67   0   0   0   0
