Year NDay Positions each day    ; Flags -1=norace, 1=bumped & got bumped
2023   4  34  32  31  30  28   0   0   0   0
2022   4  39  38  36  35  34   0   0   0   0
2021   4  28  28  31  32  35   0   0   0   0
2019   4  35  34  33  32  32   0   0   0   0
2018   4  36  35  35  35  35   0  -1   0  -1
2017   4  37  35  35  35  35   0   0   0   0
2016   4  43  42  41  40  38   0   0   0   0
2015   4  44  42  41  41  43   0   0   0   0
2013   4  54  51  47  45  44   0   0   0   0
2012   4  62  60  58  57  55   0   0   0   0
2011   4  67  66  64  64  62   0   0   0   0
2010   4  71  71  71  70  69  -1  -1   0   0
