Year NDay Positions each day    ; Flags -1=norace, 1=bumped & got bumped
2023   4  14  12  11  10  10   0   0   0   0
2022   4  13  12  12  13  14   0   1   0   0
2021   4 999 999 999 999 999   0   0   0   0
2019   4  12  10   9   8   7   0   0   0   0
2018   4  15  14  14  14  12   0  -1   0   0
2017   4  20  18  17  16  15   0   0   0   0
2016   4  27  26  23  22  20   0   0   0   0
2015   4  32  31  29  28  27   0   0   0   0
2013   4  37  36  35  33  32   0   0   0   0
2012   4  43  42  40  39  38   0   0   0   0
2011   4  52  50  47  45  44   0   0   0   0
2010   4  59  59  59  59  59  -1  -1   1   0
