Year NDay Positions each day    ; Flags -1=norace, 1=bumped & got bumped
2023   4  59  57  57  56  55   0   0   0   0
2022   4  60  61  60  60  60   0   0   1   1
2021   4  51  53  52  54  55   0   0   0   0
2019   4  47  49  53  60  61   0   0   0   0
2018   4  47  47  47  47  47   1  -1   0  -1
2017   4  41  42  44  46  46   0   0   0   1
2016   4  42  43  43  42  42   0   1   0   0
2015   4  45  45  44  43  42   1   0   0   0
2013   4  48  45  48  46  45   0   1   0   0
2012   4  40  42  43  46  48   0   0   0   0
2011   4  40  41  41  40  40   0   0   0   0
2010   4  40  40  40  39  40  -1   0   0   0
2009   4  41  40  41  41  40   0   0   0   0
2008   4  40  40  41  40  41   1   0   0   0
2006   4  42  41  40  39  40   0   0   0   0
2005   4  46  44  44  43  42   0   0   0   0
2004   4  49  50  47  47  46   0   0   0   0
2003   4  47  47  46  48  48   0   0   1  -1
2001   4  46  46  45  44  43  -1   0   0   0
1999   4  56  55  55  54  53   0   1   0   0
1998   4  59  58  58  57  57   0   0   0  -1
1997   4  57  56  55  54  58   0   0   0   0
1996   4  60  59  58  57  57   0   0   0   1
1995   4 999 999 999 999 999   0   0   0   0
1994   4  55  61  61  61  61   0  -1  -1  -1
1993   4  48  49  50  51  54   0   0   0   0
1992   4  40  42  44  48  49   0   0   0   0
1991   4  34  35  37  38  39   0   0   0   0
1990   4 999 999 999 999 999   0   0   0   0
1989   4  39  38  38  36  34   0   0   0   0
1988   4  35  36  37  38  39   1   0   0   0
1987   4  42  41  40  39  35   0   0   0   0
1986   4  45  44  43  43  42   0   0  -1   0
1985   4  48  47  46  45  44   0   0   0   0
1984   4  53  52  51  50  48   0   0   0   0
1983   4  56  56  55  54  53   1   0   0   0
1982   4  58  58  57  57  56   1   0   1   0
1981   4  60  59  58  59  58   0   0   1   0
1980   4  56  57  58  60  61   0   0   0   0
1979   4  57  57  57  57  56   0   1   0   0
1978   4  54  57  54  52  54   0   0   0   0
1976   4 999 999 999 999 999   0   0   0   0
1975   4  50  50  51  52  53   1   0   0   0
1974   4 999 999 999 999 999   0   0   0   0
1973   4 999 999 999 999 999   0   0   0   0
1972   4 999 999 999 999 999   0   0   0   0
1971   4 999 999 999 999 999   0   0   0   0
1970   4 999 999 999 999 999   0   0   0   0
1969   4 999 999 999 999 999   0   0   0   0
1968   4 999 999 999 999 999   0   0   0   0
1967   4  40  42  43  44  45   0   0   0   0
1966   4  37  38  39  40  41   0   0   0   0
1965   4  35  37  38  38  38   0   0   0   0
1964   4  37  38  37  37  37   0   0   0   0
1962   4  36  37  38  39  40   0   0   0   0
1961   4  37  35  35  35  36   0   0   0   0
1960   4  36  35  36  36  37   0   0   0   0
1959   4  37  37  37  38  37   0   0   0   0
1958   4  37  38  37  37  38   0   0   0   0
1957   4  41  40  39  38  37   0   0   0   0
1956   4  46  43  42  42  41   0   0   0   0
1955   6  44  47  48  48  48  48  47   0   0   0   0   0   0
1954   6  42  43  43  44  45  45  46   0   0   0   0   0   0
1953   6  46  45  44  43  42  42  42   0   0   0   0   0   0
1952   6 999 999 999 999 999 999 999   0   0   0   0   0   0
1951   6  44  44  44  44  44  43  42   0   0   0   0   0   0
1950   6  47  46  45  45  44  44  45   0   0   0   0   0   0
1949   4 999 999 999 999 999   0   0   0   0
1948   6 999 999 999 999 999 999 999   0   0   0   0   0   0
1947   6 999 999 999 999 999 999 999   0   0   0   0   0   0
1946   6 999 999 999 999 999 999 999   0   0   0   0   0   0
1938   6  40  39  39  38  37  37  37   0   0   0   0   0   0
1937   6  43  43  43  42  43  42  42   0   0   0   0   0   0
1936   6 999 999 999 999 999 999 999   0   0   0   0   0   0
1935   6  39  40  40  41  41  40  39   0   0   0   0   0   0
1934   6  39  39  39  39  39  39  39   0   0   0   0   0   0
