Year NDay Positions each day    ; Flags -1=norace, 1=bumped & got bumped
2023   4  54  53  52  51  50   0   0   0   0
2022   4  56  55  55  56  57   0   0   0   0
2019   4  53  54  55  55  56   0   0   0   0
2018   4  49  50  51  52  53   0   0   0   0
2017   4  45  46  47  48  49   0   0   0   0
2016   4  48  47  46  45  45   0   0   0   0
2015   4  51  50  50  49  49   0   0   0   0
2014   4  51  51  52  52  51   0   0   0   0
2013   4  54  52  51  51  52   0   0   0   0
2012   4  51  52  52  53  54   0   0   0   0
2011   4  47  48  49  50  51   0   0   0   0
2010   4  45  45  45  46  47   0   0   0   0
2009   4  47  47  47  46  45   0   0   0   0
2008   4  45  45  46  47  47   0   0   0   0
2007   4  51  50  49  46  45   0   0   0   0
2006   4  53  52  52  51  51   0   0   0   0
2005   4  54  54  54  54  53   0   0   0   0
2004   4  51  51  52  53  54   0   0   0   0
2003   4  50  50  51  51  51   0   0   0   0
2002   4  50  50  50  50  50   0   0   0   0
2001   4  52  51  50  50  49   0   0   0   0
2000   4  52  53  53  53  53   0   0   0   0
1999   4  51  52  53  53  52   0   0   0   0
1998   4  50  50  51  51  50   0   0   0   0
1997   4  51  51  51  51  52   0   0   0   0
1996   4  50  51  52  52  51   0   0   0   0
1995   4  48  49  49  49  49   0   0   0   0
1994   4  42  43  46  47  48   0   0   0   0
1993   4  42  42  41  41  42   0   0   0   0
1992   4  38  39  40  41  42   0   0   0   0
1991   4  34  35  36  37  38   0   0   0   0
1990   4  31  31  32  33  34   0   0   0   0
1989   4  32  31  31  31  31   0   0   0   0
1988   4  36  35  34  33  32   0   0   0   0
1987   4  39  38  37  37  36   0   0   0   0
1986   4  41  40  40  39  39   0   0   0   0
1985   4  42  41  41  41  41   0   0   0   0
1984   4  44  43  43  42  41   0   0   0   0
1983   4  46  45  45  45  44   0   0   0   0
1982   4  48  47  48  47  46   0   0   0   0
1981   4  49  48  49  49  48   0   0   0   0
1980   4  52  51  51  50  49   0   0   0   0
1979   4  50  50  50  51  52   0   0   0   0
1978   4  52  51  51  50  50   0   0   0   0
1977   4  49  50  51  52  52   0   0   0   0
1976   4  45  46  47  48  49   0   0   0   0
1975   4  46  45  45  44  45   0   0   0   0
1974   4  51  50  48  47  46   0   0   0   0
1973   4  46  47  48  49  50   0   0   0   0
1972   4  42  42  43  44  45   0   0   0   0
1971   4  39  39  40  41  42   0   0   0   0
1970   4  41  40  39  39  39   0   0   0   0
1969   4  40  39  39  40  41   0   0   0   0
1968   4  45  42  41  41  40   0   0   0   0
1967   4  49  48  47  46  45   0   0   0   0
1966   4  53  52  51  50  49   0   0   0   0
1965   4  58  57  56  55  54   0   0   0   0
1964   4  57  57  58  58  58   0   0   0   0
1963   4  56  55  55  56  57   0   0   0   0
1962   4  55  56  57  57  56   0   0   0   0
1961   4  51  52  53  54  55   0   0   0   0
1960   4  48  49  50  51  51   0   0   0   0
1959   4  44  45  46  47  48   0   0   0   0
1958   4  40  41  42  43  44   0   0   0   0
1957   4  40  41  41  41  40   0   0   0   0
1956   4  44  43  42  41  40   0   0   0   0
1955   4  46  46  45  44  44   0   0   0   0
1954   4  43  43  44  45  46   0   0   0   0
1953   6  45  44  44  44  44  43  43   0   0   0   0   0   0
1952   6  46  46  45  44  44  45  45   0   0   0   0   0   0
1951   6  48  48  48  48  47  47  46   0   0   0   0   0   0
1950   6  55  54  53  52  51  50  48   0   0   0   0   0   0
1949   6  56  57  57  56  56  55  55   0   0   0   0   0   0
1948   6  51  52  53  53  54  55  56   0   0   0   0   0   0
1947   6  45  46  47  48  49  50  51   0   0   0   0   0   0
1946   6  39  40  41  42  43  44  45   0   0   0   0   0   0
1938   6  42  42  41  41  42  43  43   0   0   0   0   0   0
1937   6  48  47  46  45  44  43  42   0   0   0   0   0   0
1936   6  42  43  44  45  46  47  48   0   0   0   0   0   0
1935   6  38  38  39  39  40  41  42   0   0   0   0   0   0
1934   6  43  42  41  40  39  39  38   0   0   0   0   0   0
1933   6  50  48  47  46  45  44  44   0   0   0   0   0   0
1932   6 999 999 999 999 999 999 999   0   0   0   0   0   0
1931   6  41  42  43  44  44  45  46   0   0   0   0   0   0
1930   6  40  40  40  41  41  41  41   0   0   0   0   0   0
1929   6  39  39  40  41  41  41  41   0   0   0   0   0   0
1928   6  39  40  40  41  41  41  40   0   0   0   0   0   0
1927   6  35  35  35  36  37  38  39   0   0   0   0   0   0
1926   4  38  38  37  37  36   0   0   0   0
