Year NDay Positions each day    ; Flags -1=norace, 1=bumped & got bumped
2023   4  51  52  52  51  52   0   0   0   0
2022   4  51  50  50  50  51   0   0   0   0
2019   4  46  47  48  49  50   0   0   0   0
2018   4  43  44  45  46  46   0   0   0   0
2017   4  45  44  44  44  44   0   0   0   0
2016   4  43  43  44  45  46   0   0   0   0
2015   4  45  45  44  43  43   0   0   0   0
2014   4  40  41  42  43  44   0   0   0   0
2013   4  38  38  39  40  41   0   0   0   0
2012   4  36  35  36  37  38   0   0   0   0
2011   4  40  39  38  36  36   0   0   0   0
2010   4  37  38  38  39  40   0   0   0   0
2009   4  36  35  35  36  37   0   0   0   0
2008   4  41  40  39  38  36   0   0   0   0
2007   4  45  44  43  42  41   0   0   0   0
2006   4  53  52  51  50  48   0   0   0   0
2005   4  56  55  54  53  53   0   0   0   0
2004   4  52  53  54  55  56   0   0   0   0
2003   4  55  55  54  55  54   0   0   0   0
2002   4  54  55  56  56  57   0   0   0   0
2001   4  57  56  55  54  53   0   0   0   0
2000   4 999 999 999 999 999   0   0   0   0
1999   4  50  50  50  49  49   0   0   0   0
1998   4  53  53  54  54  53   0   0   0   0
1997   4 999 999 999 999 999   0   0   0   0
1996   4  58  59  60  61  60   0   0   0   0
1995   4 999 999 999 999 999   0   0   0   0
1994   4  53  53  52  51  50   0   0   0   0
1993   4 999 999 999 999 999   0   0   0   0
1992   4 999 999 999 999 999   0   0   0   0
1991   4  47  48  47  48  49   0   0   0   0
1990   4  44  45  48  49  49   0   0   0   0
1989   4  47  46  46  46  46   0   0   0   0
1988   4  44  45  46  47  48   0   0   0   0
1987   4  47  47  46  46  46   0   0   0   0
1986   4  48  47  48  49  50   0   0   0   0
1985   4  49  49  50  51  52   0   0   0   0
1984   4  48  49  49  49  49   0   0   0   0
1983   4  39  40  40  39  39   0   0   0   0
1982   4 999 999 999 999 999   0   0   0   0
1981   4  29  29  29  29  30   0   0   0   0
1980   4  29  28  27  27  26   0   0   0   0
1979   4  23  23  24  24  24   0   0   0   0
