Year NDay Positions each day    ; Flags -1=norace, 1=bumped & got bumped
2023   4   8  11  13  15  16   0   0   0   0
2022   4   6   7   7   7   8   0   0   0   0
2021   4   2   2   1   1   6   0   0   0   0
2019   4   6   5   4   3   3   0   0   0   0
2018   4   4   5   5   5   6   0  -1   0   0
2017   4   8   7   6   6   4   0   0   0   0
2016   4  11  11  10   9   8   0   0   0   0
2015   4  16  15  14  12  11   0   0   0   0
2013   4   7   8  13  15  16   0   0   0   0
2012   4  14  12  10   9   7   0   0   0   0
2011   4  16  17  16  15  14   0   0   0   0
2010   4  14  15  15  15  16   0   0   0   0
2009   4  14  15  15  15  14   0   0   0   0
2008   4  11  13  14  13  15   0   0   0   0
2006   4  16  15  14  12  11   0   0   0   0
2005   4  20  19  18  17  16   0   0   0   0
2004   4  20  19  20  19  20   0   0   0   0
2003   4  23  21  19  19  19   0   0   0  -1
2001   4  23  24  23  23  22   0   0   1   0
1999   4  19  24  24  24  24   0   1   0   1
1998   4  19  21  20  20  20   0   0   0  -1
1997   4  15  15  16  17  18   0   0   0   0
1996   4  20  20  18  17  16   0   0   0   0
1995   4 999 999 999 999 999   0   0   0   0
1994   4  21  20  20  20  20   0  -1  -1  -1
1993   4  19  19  19  20  21   0   0   0   0
1992   4  16  17  17  17  19   0   0   1   0
1991   4  20  19  18  17  16   0   0   0   0
1989   4  24  23  22  21  20   0   0   0   0
1988   4  19  21  22  25  24   0   0   0   0
1987   4  24  23  22  21  19   0   0   0   0
1986   4  23  23  25  25  24   0   0  -1   0
1985   4  24  23  22  22  23   0   0   0   0
1984   4  17  20  20  21  24   0   0   0   0
1983   4  10  11  13  15  17   0   0   0   0
1982   4   5   4   5   9  10   0   0   0   0
1981   4   3   4   4   5   5   0   0   0   0
1980   4   3   3   2   2   3   0   0   0   0
1979   4   1   2   3   3   3   0   0   0   0
1978   4   6   5   3   2   1   0   0   0   0
