Year NDay Positions each day    ; Flags -1=norace, 1=bumped & got bumped
2023   4  61  61  64  65  65   0   0   0   0
2022   4 999 999 999 999 999   0   0   0   0
2021   4  47  48  49  48  49   0   0   0   0
2019   4  47  46  48  49  53   0   0   0   0
2018   4  51  48  48  48  48   0  -1   0  -1
2017   4  52  51  55  54  54   0   0   0   1
2016   4  45  49  51  57  59   0   0   0   0
2015   4  44  45  44  45  47   1   0   0   0
2013   4  40  40  41  42  44   0   0   0   0
2012   4  34  37  38  38  41   0   0   0   0
2011   4  36  35  36  35  34   0   0   0   0
2010   4  34  34  35  35  36  -1   0   0   0
2009   4  32  33  33  33  33   0   0   0   0
2008   4  34  33  32  33  32   0   0   0   0
2006   4  41  40  39  38  36   0   0   0   0
2005   4  44  43  42  41  40   0   0   0   0
2004   4  44  44  46  46  45   0   0   0   0
2003   4  47  46  45  44  44   0   0   0  -1
2001   4 999 999 999 999 999   0   0   0   0
1999   4 999 999 999 999 999   0   0   0   0
1998   4  42  41  40  41  41   0   0   0  -1
1997   4  44  43  42  41  41   0   0   0   1
1996   4  39  45  46  45  45   0   0   0   0
1995   4 999 999 999 999 999   0   0   0   0
1994   4  48  48  48  48  48   0  -1  -1  -1
1993   4 999 999 999 999 999   0   0   0   0
1992   4 999 999 999 999 999   0   0   0   0
1991   4  35  37  37  38  41   0   0   0   0
1989   4  36  35  34  36  35   0   0   0   0
1988   4  38  39  38  36  36   0   0   0   1
1987   4  41  40  40  39  39   0   0   0   1
1986   4  49  49  47  47  46   0   0  -1   0
1985   4 999 999 999 999 999   0   0   0   0
1984   4 999 999 999 999 999   0   0   0   0
1983   4 999 999 999 999 999   0   0   0   0
1982   4 999 999 999 999 999   0   0   0   0
1981   4  19  19  21  24  25   0   0   0   0
1980   4  16  16  14  16  19   0   0   0   0
1979   4  16  16  16  16  16   0   0   0   0
