Year NDay Positions each day
1933   6   55  55  55  55  55  55  55
1934   6  999 999 999 999 999 999 999
1935   6  999 999 999 999 999 999 999
1936   6  999 999 999 999 999 999 999
1937   6  999 999 999 999 999 999 999
1938   6   60  61  62  62  61  61  61
1939   6  999 999 999 999 999 999 999
1946   6  999 999 999 999 999 999 999
1947   6   64  67  68  67  67  66  65
1948   6   65  66  67  68  69  70  70
1949   6   69  72  73  74  75  76  76
1950   6   75  76  76  76  76  77  78
1951   6  999 999 999 999 999 999 999
1952   6  999 999 999 999 999 999 999
1953   6   79  80  83  84  84  83  84
1954   4  999 999 999 999 999
1955   4  999 999 999 999 999
1956   4   80  80  81  81  82
1957   4   79  78  78  78  79
1958   4   77  78  79  80  81
1959   4   73  73  74  75  76
1960   4  999 999 999 999 999
1961   4   77  77  76  76  77
1962   4  999 999 999 999 999
1963   4   80  79  78  77  76
1964   4  999 999 999 999 999
1965   4   80  80  80  81  81
1966   4   88  88  87  87  86
1967   4   85  83  82  81  80
1968   4   80  79  78  77  76
1969   4   75  74  73  70  69
1970   4   69  68  67  67  68
1971   4   68  71  72  73  73
1972   4   73  74  75  75  76
1973   4   76  77  77  76  76
1974   4   77  76  75  74  75
1975   4   75  75  75  74  72
1976   4   72  71  71  70  70
1977   4   70  71  71  72  73
1978   4   73  74  75  76  77
1979   4   86  86  87  88  88
1980   4  110 110 109 110 111
1981   4   81  81  81  81  82
1982   4  106 105 104 103 103
1983   4   85  85  84  84  83
1984   4   79  78  78  79  79
1985   4   77  78  78  78  79
1986   4   79  79  78  77  76
1987   4   76  75  75  74  73
1988   4   73  72  72  71  71
1989   4   71  70  69  68  67
1990   4   66  67  68  69  70
1991   4   71  70  69  69  70
1992   4   70  71  72  69  68
1993   4   68  68  68  68  68
1994   4   68  67  67  68  69
1995   4  999 999 999 999 999
1996   4  999 999 999 999 999
1997   4   94  94  94  95  96
1998   4  999 999 999 999 999
1999   4  999 999 999 999 999
2000   4   90  90  90  89  88
2001   4   85  84  84  84  84
2002   4   79  80  81  81  80
2003   4   75  75  74  74  75
2004   4  999 999 999 999 999
2005   4   77  77  76  75  74
2006   4  999 999 999 999 999
2007   4   80  81  82  83  82
2008   4   75  75  76  77  77
2009   4  999 999 999 999 999
2010   4  999 999 999 999 999
2011   4  999 999 999 999 999
2012   4  999 999 999 999 999
2013   4  999 999 999 999 999
2014   4   83  84  85  85  85
2015   4   80  81  81  82  82
2016   4   77  77  78  78  79
