Year NDay Positions each day    ; Flags -1=norace, 1=bumped & got bumped
2023   4   9   9  10  11  13   1   0   0   0
2022   4  11  13  11  10   9   0   0   0   0
2021   4  11  11   9   9  10   0   0   0   0
2019   4  13  13  14  13  13   0   0   0   0
2018   4  11  12  12  12  13   1  -1   0   0
2017   4  16  15  14  12  11   0   0   0   0
2016   4  20  19  18  17  16   0   0   0   0
2015   4  18  17  17  19  20   0   0   0   0
2013   4  23  21  20  19  18   0   0   0   0
2012   4  22  21  22  24  24   0   0   0   0
2011   4  26  25  23  23  22   0   0   0   0
2010   4  30  29  28  27  26   0   0   0   0
2009   4  27  27  27  28  29   0   0   0   0
2008   4  28  27  27  27  28   0   0   0   0
2006   4  29  30  30  30  29   0   0   0   0
2005   4  28  28  29  29  29   0   0   0   0
2004   4  27  28  28  27  28   0   0   0   0
2003   4  25  28  27  26  26   0   0   0  -1
2001   4  17  19  20  24  24   0   0   0   1
1999   4  20  19  19  20  19   0   0   0   0
1998   4  24  23  22  21  21   0   0   0  -1
1997   4  22  22  22  23  23   0   0   0   0
1996   4  17  16  16  19  23   0   0   0   0
1995   4 999 999 999 999 999   0   0   0   0
1994   4  18  17  17  17  17   0  -1  -1  -1
1993   4  23  21  20  19  18   0   0   0   0
1992   4  25  24  25  24  23   0   0   0   0
1991   4  25  24  23  24  25   0   0   0   0
1989   4  14  21  23  25  25   0   0   0   0
1988   4  13  15  14  13  14   0   0   0   0
1987   4  11  13  14  13  13   0   0   0   0
1986   4  14  12  11  11  11   0   0  -1   0
1985   4   6   8  13  13  14   0   0   0   0
1984   4   1   3   4   5   6   0   0   0   0
1983   4   1   1   1   1   1   0   0   0   0
1982   4   1   1   1   1   1   0   0   0   0
1981   4   1   1   1   1   1   0   0   0   0
1980   4   2   1   1   1   1   0   0   0   0
1979   4   2   3   2   2   2   0   0   0   0
1978   4   3   2   2   1   2   0   0   0   0
