Year NDay Positions each day    ; Flags -1=norace, 1=bumped & got bumped
2023   4  72  73  73  73  73   0   0   0   0
2022   4 999 999 999 999 999   0   0   0   0
2021   4 999 999 999 999 999   0   0   0   0
2019   4  44  45  45  46  46   0   0   1   0
2018   4  46  45  45  45  45   0  -1   0  -1
2017   4  46  45  47  47  46   0   0   0   0
2016   4  42  41  41  41  44   0   0   1   0
2015   4  43  42  42  43  43   0   1   0   1
2013   4  47  46  45  44  43   0   0   0   0
2012   4  53  52  51  50  47   0   0   0   0
2011   4  60  59  59  58  57   1   0   0   0
2010   4 999 999 999 999 999   0   0   0   0
2009   4 999 999 999 999 999   0   0   0   0
2008   4  43  42  47  48  49   0   1   1   0
2006   4  50  50  48  47  46   0   0   0   0
2005   4  56  55  54  53  53   0   0   0   1
2004   4 999 999 999 999 999   0   0   0   0
2003   4  51  50  48  49  49   0   0   0  -1
2001   4 999 999 999 999 999   0   0   0   0
1999   4 999 999 999 999 999   0   0   0   0
1998   4  52  55  57  57  57   0   1   0  -1
1997   4 999 999 999 999 999   0   0   0   0
1996   4 999 999 999 999 999   0   0   0   0
1995   4 999 999 999 999 999   0   0   0   0
1994   4  45  44  44  44  44   0  -1  -1  -1
1993   4 999 999 999 999 999   0   0   0   0
1992   4 999 999 999 999 999   0   0   0   0
1991   4  50  58  61  60  59   0   0   0   0
1989   4  54  54  55  60  59   1   0   0   0
1988   4 999 999 999 999 999   0   0   0   0
1987   4 999 999 999 999 999   0   0   0   0
1986   4  45  43  43  43  43   0   0  -1   0
1985   4 999 999 999 999 999   0   0   0   0
1984   4 999 999 999 999 999   0   0   0   0
1983   4  34  34  34  34  36   0   0   0   0
1982   4 999 999 999 999 999   0   0   0   0
1981   4  20  23  25  28  29   0   0   0   0
1980   4  22  23  22  21  20   0   0   0   0
