Year NDay Positions each day    ; Flags -1=norace, 1=bumped & got bumped
2023   4  43  45  46  47  48   0   0   0   0
2022   4  43  42  42  43  44   0   0   0   0
2019   4  37  40  41  42  43   0   0   0   0
2018   4  39  39  38  38  37   0   0   0   0
2017   4  43  42  41  39  39   0   0   0   0
2016   4  43  43  42  43  43   0   0   0   0
2015   4  43  42  42  43  43   0   0   0   0
2014   4  47  46  45  44  43   0   0   0   0
2013   4  47  48  48  48  47   0   0   0   0
2012   4  53  46  47  46  47   0   0   0   0
2011   4  52  53  53  53  53   0   0   0   0
2010   4  50  51  51  51  52   0   0   0   0
2009   4  49  48  49  49  50   0   0   0   0
2008   4  51  52  51  50  49   0   0   0   0
2007   4  50  51  52  52  52   0   0   0   0
2006   4  54  51  50  50  50   0   0   0   0
2005   4  50  51  52  53  54   0   0   0   0
2004   4  48  49  50  50  50   0   0   0   0
2003   4  46  47  47  47  48   0   0   0   0
2002   4  44  43  44  45  46   0   0   0   0
2001   4  39  40  41  42  43   0   0   0   0
2000   4  44  42  41  41  40   0   0   0   0
1999   4  48  47  46  45  44   0   0   0   0
1998   4  48  49  46  47  47   0   0   0   0
1997   4  46  47  48  49  50   0   0   0   0
1996   4  51  50  48  47  46   0   0   0   0
1995   4  51  52  52  51  50   0   0   0   0
1994   4  53  53  52  51  51   0   0   0   0
1993   4  51  52  52  52  53   0  -1  -1   0
1992   4  50  50  50  51  51   0   0   0   0
1991   4  46  47  48  49  50   0   0   0   0
1990   4  49  49  48  47  46   0   0   0   0
1989   4  52  52  51  50  49   0   0   0   0
1988   4  56  55  54  53  52   0   0   0   0
1987   4  52  53  54  55  56   0   0   0   0
1986   4  52  51  51  51  52   0   0   0   0
1985   4  47  48  49  50  51   0   0   0   0
1984   4  49  48  48  47  46   0   0   0   0
1983   4  52  51  50  50  49   0   0   0   0
1982   4  55  55  54  53  52   0   0   0   0
1981   4  55  56  57  56  55   0   0   0   0
1980   4  50  53  54  55  55   0   0   0   0
1979   4  53  52  51  50  50   0   0   0   0
1978   4  50  53  54  54  53   0   0   0   0
1977   4  51  52  52  51  50   0   0   0   0
1976   4  48  49  49  50  51   0   0   0   0
1975   4  52  51  50  49  48   0   0   0   0
1974   4  52  52  53  53  52   0   0   0   0
1973   4  54  54  53  52  51   0   0   0   0
1972   4  57  56  55  54  53   0   0   0   0
1971   4  58  59  59  58  57   0   0   0   0
1970   4  60  59  59  59  58   0   0   0   0
1969   4  56  57  58  59  60   0   0   0   0
1968   4  54  54  55  56  56   0   0   0   0
1967   4  58  57  56  55  54   0   0   0   0
1966   4  54  55  56  57  58   0   0   0   0
1965   4  54  54  53  54  55   0   0   0   0
1964   4  50  51  52  53  54   0   0   0   0
1963   4  46  47  48  49  50   0   0   0   0
1962   4  42  43  44  45  46   0   0   0   0
1961   4  38  39  40  41  42   0   0   0   0
1960   4  36  36  37  37  38   0   0   0   0
1959   4  32  33  34  35  36   0   0   0   0
1958   4  34  34  33  32  32   0   0   0   0
1957   4  38  36  35  34  34   0   0   0   0
1956   4  41  41  40  39  38   0   0   0   0
1955   4  38  38  39  40  41   0   0   0   0
1954   4  37  37  37  37  38   0   0   0   0
1953   6  41  41  40  40  39  38  37   0   0   0   0   0   0
1952   6  42  42  43  43  43  42  41   0   0   0   0   0   0
1951   6  43  44  44  43  42  42  42   0   0   0   0   0   0
1950   6  46  45  44  44  43  43  43   0   0   0   0   0   0
1949   6  47  47  46  45  45  46  46   0   0   0   0   0   0
1948   6  49  48  49  50  48  48  47   0   0   0   0   0   0
1947   6  47  48  49  49  48  49  49   0   0   0   0   0   0
1946   6  43  43  44  44  45  46  47   0   0   0   0   0   0
1938   6  47  46  46  47  48  49  50   0   0   0   0   0   0
1937   6  45  46  47  48  49  49  48   0   0   0   0   0   0
1936   6  39  40  41  42  43  44  45   0   0   0   0   0   0
1935   6  39  39  38  38  38  39  39   0   0   0   0   0   0
1934   6  39  39  40  41  41  40  40   0   0   0   0   0   0
1933   6  43  42  42  41  41  41  40   0   0   0   0   0   0
1932   6  46  47  47  47  47  46  45   0   0   0   0   0   0
1931   6  45  45  46  47  47  47  47   0   0   0   0   0   0
1930   6  42  43  43  44  44  44  45   0   0   0   0   0   0
1929   6  40  41  42  43  42  43  43   0   0   0   0   0   0
1928   6 999 999 999 999 999 999 999   0   0   0   0   0   0
1927   6 999 999 999 999 999 999 999   0   0   0   0   0   0
1926   4 999 999 999 999 999   0   0   0   0
1925   6  39  39  39  39  39  38  37   0   0   0   0   0   0
