Year NDay Positions each day    ; Flags -1=norace, 1=bumped & got bumped
2022   4  84  83  82  81  80   0   0   0   0
2019   4 999 999 999 999 999   0   0   0   0
2018   4  61  62  63  64  65   0   0   0   0
2017   4  64  64  64  63  62   0   0   0   0
2016   4  60  61  62  63  64   0   0   0   0
2015   4  59  58  58  59  60   0   0   0   0
2014   4  60  60  60  59  58   0   0   0   0
2013   4  62  62  61  61  61   0   0   0   0
2012   4  63  62  62  62  61   0   0   0   0
2011   4  63  62  62  61  64   0   0   0   0
2010   4  63  63  62  62  63   0   0   0   0
2009   4  61  61  62  63  63   0   0   0   0
2008   4  58  61  60  61  60   0   0   0   0
2007   4  63  64  64  60  59   0   0   0   0
2006   4  60  61  62  63  63   0   0   0   0
2005   4  57  58  59  59  60   0   0   0   0
2004   4  64  63  62  58  57   0   0   0   0
2003   4  63  64  65  65  66   0   0   0   0
2002   4  66  65  64  63  63   0   0   0   0
2001   4  66  67  67  66  65   0   0   0   0
2000   4  71  71  70  69  68  -1   0   0   0
1999   4  69  68  71  70  70   0   0   0   0
1998   4  72  71  71  70  70   0   0   0   0
1997   4  81  80  77  76  75   0   0   0   0
1996   4  84  84  83  83  82   0   0   0   0
1995   4  94  92  91  90  90   0   0   0   0
1994   4 999 999 999 999 999   0   0   0   0
1993   4  84  83  83  83  82   0  -1  -1   0
1992   4  82  85  86  87  88   0   0   0   0
1991   4  85  84  85  85  86   0   0   0   0
1990   4  86  87  88  88  87   0   0   0   0
1989   4  94  93  93  93  90   0   0   0   0
1988   4  95  96  97  98  98   0   0   0   0
1987   4 101 101 101 100 100   0   0   0   0
1986   4 999 999 999 999 999   0   0   0   0
1985   4 999 999 999 999 999   0   0   0   0
1984   4 102 102 102 102  99   0   0   0   0
1983   4  76  76  77  78  79   0   0   0   0
1982   4 108 107 108 107 108   0   0   0   0
1981   4 105 105 105 104 104   0   0   0   0
1980   4  80  80  79  79  78   0   0   0   0
1979   4  70  71  72  73  74   0   0   0   0
1978   4  66  67  68  69  70   0   0   0   0
1977   4  63  63  64  65  66   0   0   0   0
1976   4  63  63  62  62  63   0   0   0   0
1975   4  62  61  61  62  63   0   0   0   0
1974   4  67  64  63  63  62   0   0   0   0
1973   4  70  69  68  67  66   0   0   0   0
1972   4  69  68  68  69  70   0   0   0   0
1971   4  72  72  71  70  69   0   0   0   0
1970   4  77  76  75  74  72   0   0   0   0
1969   4  81  80  79  78  77   0   0   0   0
1968   4  87  86  84  83  82   0   0   0   0
1967   4  91  92  92  92  91   0   0   0   0
1966   4  89  90  90  91  92   0   0   0   0
1965   4 999 999 999 999 999   0   0   0   0
1964   4  58  61  61  62  63   0   0   0   0
1963   4  58  58  59  59  58   0   0   0   0
1962   4  61  60  59  58  58   0   0   0   0
1961   4  63  63  62  61  61   0   0   0   0
1960   4  67  66  65  64  63   0   0   0   0
1959   4  65  66  66  66  67   0   0   0   0
1958   4  68  67  66  66  65   0   0   0   0
1957   4  67  68  68  69  70   0   0   0   0
1956   4  67  66  67  67  67   0   0   0   0
1955   4  65  66  66  67  68   0   0   0   0
1954   4  62  63  64  65  66   0   0   0   0
1953   6  66  66  65  64  63  63  62   0   0   0   0   0   0
1952   6  71  70  69  68  68  67  66   0   0   0   0   0   0
1951   6  63  64  65  66  67  68  71   0   0   0   0   0   0
1950   6  64  63  63  62  62  62  63   0   0   0   0   0   0
1949   6  68  67  67  66  65  64  64   0   0   0   0   0   0
1948   6  72  72  71  70  70  69  69   0   0   0   0   0   0
1947   6 999 999 999 999 999 999 999   0   0   0   0   0   0
1946   6 999 999 999 999 999 999 999   0   0   0   0   0   0
1938   6 999 999 999 999 999 999 999   0   0   0   0   0   0
1937   6 999 999 999 999 999 999 999   0   0   0   0   0   0
1936   6 999 999 999 999 999 999 999   0   0   0   0   0   0
1935   6 999 999 999 999 999 999 999   0   0   0   0   0   0
1934   6  51  52  53  54  55  55  55   0   0   0   0   0   0
1933   6  49  50  51  52  53  54  54   0   0   0   0   0   0
1932   6  55  55  55  55  55  54  54   0   0   0   0   0   0
