Year NDay Positions each day    ; Flags -1=norace, 1=bumped & got bumped
2023   4  57  57  56  55  54   0   0   0   0
2022   4  55  56  56  56  56   0   0   0   0
2019   4  52  53  54  54  53   0   0   0   0
2018   4  52  53  54  54  53   0   0   0   0
2017   4  53  53  52  52  52   0   0   0   0
2016   4  54  54  54  54  55   0   0   0   0
2015   4  57  56  56  56  55   0   0   0   0
2014   4  61  61  60  59  58   0   0   0   0
2013   4  67  67  67  66  66   0   0   0   0
2012   4  65  66  67  68  69   0   0   0   0
2011   4  70  69  68  68  67   0   0   0   0
2010   4 999 999 999 999 999   0   0   0   0
2009   4 999 999 999 999 999   0   0   0   0
2008   4  59  60  61  62  63   0   0   0   0
2007   4  56  56  57  57  58   0   0   0   0
2006   4  65  64  63  62  60   0   0   0   0
2005   4  68  69  70  70  71   0   0   0   0
2004   4 999 999 999 999 999   0   0   0   0
2003   4  53  54  55  54  55   0   0   0   0
2002   4  52  53  54  54  55   0   0   0   0
2001   4  55  54  53  52  51   0   0   0   0
2000   4  61  61  61  60  59  -1  -1   0   0
1999   4 999 999 999 999 999   0   0   0   0
1998   4  50  51  52  53  54   0   0   0   0
1997   4  56  57  56  56  55   0   0   0   0
1996   4 999 999 999 999 999   0   0   0   0
1995   4 999 999 999 999 999   0   0   0   0
1994   4  45  45  45  46  46   0   0   0   0
1993   4  45  46  46  46  46   0  -1  -1   0
1992   4  52  48  47  46  45   0   0   0   0
1991   4  55  54  55  56  55   0   0   0   0
1990   4 999 999 999 999 999   0   0   0   0
1989   4  43  43  43  43  42   0   0   0   0
1988   4  40  41  42  43  44   0   0   0   0
1987   4  36  37  38  39  40   0   0   0   0
1986   4  35  35  36  36  37   0   0   0   0
1985   4  33  34  35  35  35   0   0   0   0
1984   4  32  33  34  34  33   0   0   0   0
1983   4  36  37  37  37  37   0   0   0   0
1982   4  24  25  26  27  28   0   0   0   0
1981   4  19  19  20  21  24   0   0   0   0
1980   4  24  23  23  22  19   0   0   0   0
