Year NDay Positions each day    ; Flags -1=norace, 1=bumped & got bumped
2023   4  46  45  44  44  44   0   0   0   0
2022   4  41  43  44  46  47   0   0   0   0
2021   4 999 999 999 999 999   0   0   0   0
2019   4  34  37  36  36  35   0   0   1   0
2018   4  35  34  34  34  34   0  -1   0  -1
2017   4  36  34  34  34  34   0   0   0   0
2016   4  41  40  39  38  37   0   0   0   0
2015   4  46  44  43  42  41   0   0   0   0
2013   4  44  43  43  44  46   0   1   0   0
2012   4  41  40  41  42  44   0   0   0   0
2011   4  38  38  40  41  41   0   0   0   0
2010   4  37  36  37  38  38   0   0   0   0
2009   4  38  38  37  37  37   0   0   0   0
2008   4  39  38  39  39  38   0   0   0   0
2006   4  43  42  41  40  39   0   0   0   0
2005   4  42  41  41  41  43   0   0   0   0
2004   4  46  43  43  42  42   0   0   0   0
2003   4  48  48  47  45  45   0   0   0  -1
2001   4 999 999 999 999 999   0   0   0   0
1999   4  49  52  51  50  48   0   0   0   0
1998   4  51  51  51  50  50   0   0   0  -1
1997   4  55  53  52  51  50   0   0   0   0
1996   4  52  51  51  53  55   0   0   0   0
1995   4 999 999 999 999 999   0   0   0   0
1994   4  54  52  52  52  52   0  -1  -1  -1
1993   4  54  54  54  53  53   0   1   0   1
1992   4  59  58  57  56  55   0   0   0   0
1991   4  49  51  55  56  59   0   0   0   0
1990   4 999 999 999 999 999   0   0   0   0
1989   4  47  49  48  48  49   0   0   0   0
1988   4  44  45  45  46  47   1   0   0   0
1987   4  47  46  44  44  44   0   0   0   0
1986   4  50  48  47  47  47   0   0  -1   0
1985   4  50  48  49  48  49   0   0   0   0
1984   4  40  41  49  49  50   0   0   0   0
1983   4  38  38  38  39  40   0   0   0   0
1982   4  39  40  40  39  38   0   0   0   0
1981   4  37  36  37  38  39   0   0   0   0
1980   4  41  40  39  38  37   0   0   0   0
1979   4  32  38  39  40  41   0   0   0   0
1978   4  35  34  35  32  32   0   0   0   0
1976   4  37  37  36  35  36   0   0   0   0
1975   4  31  33  34  36  37   0   0   0   0
1974   4  32  32  32  31  31   0   1   0   0
1973   4  37  36  35  33  32   0   0   0   0
1972   4  46  45  44  41  41   0   0   0   0
1971   4  40  41  41  44  43   0   0   0   0
1970   4  47  44  44  43  42   0   0   0   0
1969   4  47  50  49  50  50   0   0   0   0
1968   4  49  49  50  50  50   1   0   0   0
1967   4 999 999 999 999 999   0   0   0   0
1966   4 999 999 999 999 999   0   0   0   0
1965   4 999 999 999 999 999   0   0   0   0
1964   4 999 999 999 999 999   0   0   0   0
1962   4 999 999 999 999 999   0   0   0   0
1961   4  47  50  50  51  52   0   0   0   0
1960   4  39  40  42  44  44   0   0   0   1
1959   4  40  41  42  43  43   0   0   0   0
1958   4  44  43  42  41  41   0   0   0   0
1957   4  48  47  46  45  44   0   0   0   0
1956   4  43  46  47  47  48   0   0   0   0
1955   6  39  40  40  41  42  43  44   0   0   0   0   0   0
1954   6  39  38  38  38  39  39  40   0   0   0   0   0   0
1953   6  43  43  42  41  40  40  39   0   0   0   0   0   0
1952   6  41  42  43  43  43  43  43   0   0   0   0   0   0
1951   6  36  37  37  38  39  40  41   0   0   0   0   0   0
1950   6  40  39  38  37  36  36  36   0   0   0   0   0   0
1949   4  40  40  40  40  40   0   0   0   0
1948   6  42  43  43  42  42  41  40   0   0   0   0   0   0
1947   6 999 999 999 999 999 999 999   0   0   0   0   0   0
1946   6  34  33  32  33  32  32  32   0   0   0   0   0   0
1938   6 999 999 999 999 999 999 999   0   0   0   0   0   0
1937   6 999 999 999 999 999 999 999   0   0   0   0   0   0
1936   6  43  44  44  44  44  44  44   0   0   0   0   0   0
