Year NDay Positions each day    ; Flags -1=norace, 1=bumped & got bumped
2023   4   8   8   8   8   8   0   0   0   0
2022   4   7   7   7   7   8   0   0   0   0
2019   4   6   6   7   7   7   0   0   0   0
2018   4   5   6   6   6   6   0   0   0   0
2017   4   6   6   5   5   5   0   0   0   0
2016   4   8   7   6   6   6   0   0   0   0
2015   4   9   9   8   8   8   0   0   0   0
2014   4  11  10   9   9   9   0   0   0   0
2013   4  12  11  11  10  11   0   0   0   0
2012   4  14  13  13  13  12   0   0   0   0
2011   4  15  15  14  14  14   0   0   0   0
2010   4  16  16  16  16  15   0   0   0   0
2009   4  17  17  18  17  16   0   0   0   0
2008   4  14  15  16  17  17   0   0   0   0
2007   4  11  11  12  13  14   0   0   0   0
2006   4  13  13  13  12  11   0   0   0   0
2005   4  12  11  11  12  13   0   0   0   0
2004   4  11  11  11  12  12   0   0   0   0
2003   4  15  14  12  12  11   0   0   0   0
2002   4  17  17  16  15  15   0   0   0   0
2001   4  21  20  19  18  17   0   0   0   0
2000   4  26  24  23  22  21   0   0   0   0
1999   4  24  25  25  26  27   0   0   0   0
1998   4  24  25  25  25  24   0   0   0   0
1997   4  20  21  22  23  24   0   0   0   0
1996   4  18  19  19  19  20   0   0   0   0
1995   4  15  16  17  18  18   0   0   0   0
1994   4  16  16  15  15  15   0   0   0   0
1993   4  15  16  16  16  16   0   0   0   0
1992   4  14  14  15  15  15   0   0   0   0
1991   4  17  16  15  15  14   0   0   0   0
1990   4  17  17  16  16  17   0   0   0   0
1989   4  16  17  18  18  17   0   0   0   0
1988   4  12  13  14  15  16   0   0   0   0
1987   4  16  15  14  12  12   0   0   0   0
1986   4  16  15  15  16  16   0   0   0   0
1985   4  14  14  15  15  16   0   0   0   0
1984   4  12  13  13  14  14   0   0   0   0
1983   4  16  15  14  13  12   0   0   0   0
1982   4  19  18  17  16  16   0   0   0   0
1981   4  23  22  21  20  19   0   0   0   0
1980   4  23  24  24  24  23   0   0   0   0
