Year NDay Positions each day    ; Flags -1=norace, 1=bumped & got bumped
2023   4  69  69  68  66  65   0   0   0   0
2022   4 999 999 999 999 999   0   0   0   0
2021   4 999 999 999 999 999   0   0   0   0
2019   4 999 999 999 999 999   0   0   0   0
2018   4  58  61  61  61  61   0  -1   0  -1
2017   4  62  59  58  57  56   0   0   0   0
2016   4  67  68  69  69  68   0   0   0   0
2015   4  67  73  73  72  71   0   0   0   0
2013   4 999 999 999 999 999   0   0   0   0
2012   4 999 999 999 999 999   0   0   0   0
2011   4 999 999 999 999 999   0   0   0   0
2010   4 999 999 999 999 999   0   0   0   0
2009   4 999 999 999 999 999   0   0   0   0
2008   4  58  58  58  58  57   1   0   1   0
2006   4  65  64  63  62  60   0   0   0   0
2005   4  71  71  72  71  71   0   0   0   0
2004   4 999 999 999 999 999   0   0   0   0
2003   4 999 999 999 999 999   0   0   0   0
2001   4 999 999 999 999 999   0   0   0   0
1999   4  71  71  71  71  69  -1  -1  -1   0
1998   4 999 999 999 999 999   0   0   0   0
1997   4  58  61  63  64  63   0   0   0   0
1996   4  55  54  54  56  58   0   0   0   0
1995   4 999 999 999 999 999   0   0   0   0
1994   4  57  55  55  55  55   0  -1  -1  -1
1993   4  59  58  57  56  56   0   0   0   0
1992   4  62  63  62  62  60   0   0   0   0
1991   4  57  58  57  61  62   0   0   0   0
1990   4 999 999 999 999 999   0   0   0   0
1989   4  59  58  57  57  56   0   0   1   0
1988   4  61  60  60  60  59   0   1   1   0
1987   4  57  59  59  60  61   1   0   0   0
1986   4  55  54  53  53  57   0   0  -1   0
1985   4  55  54  54  54  55   0   0   0   0
1984   4  42  49  57  56  55   0   0   0   0
1983   4  43  43  42  41  42   0   0   0   0
1982   4  44  43  42  43  43   0   0   0   0
1981   4  50  48  47  46  44   0   0   0   0
1980   4  54  53  52  51  50   0   0   0   0
1979   4  58  58  56  55  54   0   0   0   0
1978   4  52  52  56  58  59   1   1   0   0
1976   4  53  51  52  53  53   0   0   0   0
1975   4 999 999 999 999 999   0   0   0   0
1974   4 999 999 999 999 999   0   0   0   0
1973   4  49  48  47  48  48   0   0   0   0
1972   4 999 999 999 999 999   0   0   0   0
1971   4 999 999 999 999 999   0   0   0   0
1970   4  46  51  51  51  51   0   0   0   0
1969   4  49  51  50  49  49   0   0   0   0
1968   4 999 999 999 999 999   0   0   0   0
1967   4 999 999 999 999 999   0   0   0   0
1966   4 999 999 999 999 999   0   0   0   0
1965   4 999 999 999 999 999   0   0   0   0
1964   4 999 999 999 999 999   0   0   0   0
1962   4 999 999 999 999 999   0   0   0   0
1961   4 999 999 999 999 999   0   0   0   0
1960   4 999 999 999 999 999   0   0   0   0
1959   4  54  54  54  53  52   0   0   0   0
1958   4 999 999 999 999 999   0   0   0   0
1957   4 999 999 999 999 999   0   0   0   0
1956   4 999 999 999 999 999   0   0   0   0
1955   6 999 999 999 999 999 999 999   0   0   0   0   0   0
1954   6 999 999 999 999 999 999 999   0   0   0   0   0   0
1953   6 999 999 999 999 999 999 999   0   0   0   0   0   0
1952   6  49  49  49  49  49  49  49   0   0   0   0   0   0
1951   6 999 999 999 999 999 999 999   0   0   0   0   0   0
1950   6 999 999 999 999 999 999 999   0   0   0   0   0   0
1949   4  50  50  50  50  50   0   0   0   0
