Year NDay Positions each day
2001   4   67  67  68  69  70
2002   4   65  64  64  65  66
2003   4   60  60  59  59  58
2004   4  999 999 999 999 999
2005   4  999 999 999 999 999
2006   4  999 999 999 999 999
2007   4  999 999 999 999 999
2008   4  999 999 999 999 999
2009   4  999 999 999 999 999
2010   4   73  73  72  71  71
2011   4  999 999 999 999 999
2012   4   75  78  79  79  78
2013   4  999 999 999 999 999
2014   4   75  76  76  77  78
2015   4   72  73  73  73  72
2017   4   74  75  76  77  78
