Year NDay Positions each day
1959   4   85  85  85  84  84
1960   4  999 999 999 999 999
1961   4  999 999 999 999 999
1962   4   81  82  83  84  85
1963   4  999 999 999 999 999
1964   4   81  80  79  78  78
1965   4   76  75  74  72  71
1966   4   69  70  71  72  72
1967   4   72  73  74  72  72
1968   4   72  71  70  70  69
1969   4   68  67  66  65  64
1970   4   64  63  62  61  60
1971   4   60  61  62  63  64
1972   4   64  65  66  67  68
1973   4   68  68  69  70  71
1974   4   72  73  73  72  72
1975   4   72  73  74  75  76
1976   4   76  77  77  78  79
1977   4   79  80  80  81  82
1978   4   82  83  84  85  86
1979   4  112 112 111 110 109
1980   4   77  77  76  75  74
1981   4  999 999 999 999 999
1982   4  101 102 101 100 100
1983   4  999 999 999 999 999
1984   4   75  75  74  70  69
1985   4   69  70  71  72  73
1986   4   73  74  73  73  72
1987   4   72  73  74  75  76
1988   4  999 999 999 999 999
1989   4  999 999 999 999 999
1990   4  999 999 999 999 999
1991   4  999 999 999 999 999
1992   4   96  95  95  95  95
1993   4  999 999 999 999 999
1994   4  999 999 999 999 999
1995   4  999 999 999 999 999
1996   4   91  92  91  91  91
1997   4  999 999 999 999 999
1998   4   97  96  96  95  94
1999   4   88  87  87  88  89
2000   4   85  85  85  88  89
2001   4  999 999 999 999 999
2002   4  999 999 999 999 999
2003   4  999 999 999 999 999
2004   4  999 999 999 999 999
2005   4  999 999 999 999 999
2006   4  999 999 999 999 999
2007   4  999 999 999 999 999
2008   4  999 999 999 999 999
2009   4  999 999 999 999 999
2010   4  999 999 999 999 999
2011   4  999 999 999 999 999
2012   4  999 999 999 999 999
2013   4  999 999 999 999 999
2014   4  999 999 999 999 999
2015   4   85  86  87  88  89
