Year NDay Positions each day    Flags 1=bumped & got bumped
1978   4   65  67  67  67  67   0   0   0   0   0
1979   4   68  68  67  67  67   0   0   0   0   0
1980   4   66  65  65  64  63   0   0   0   0   0
1981   4   62  62  61  58  57   0   0   0   0   0
1982   4   57  59  59  60  60   0   0   0   0   0
1983   4   59  59  60  60  59   0   0   0   0   0
1984   4   59  61  62  63  63   0   0   0   0   0
1985   4   63  73  74  77  79   0   0   0   0   0
1986   4   73  74  74  74  75   0   0   0   0   0
1987   4  999 999 999 999 999   0   0   0   0   0
1988   4   81  81  79  79  79   0   0   0   0   0
1989   4  999 999 999 999 999   0   0   0   0   0
1990   4  999 999 999 999 999   0   0   0   0   0
1991   4  999 999 999 999 999   0   0   0   0   0
1992   4   85  85  84  83  82   0   0   0   0   0
1993   4  999 999 999 999 999   0   0   0   0   0
1994   4  999 999 999 999 999   0   0   0   0   0
1995   4  999 999 999 999 999   0   0   0   0   0
1996   4   81  81  80  79  78   0   0   0   0   0
1997   4  999 999 999 999 999   0   0   0   0   0
1998   4  999 999 999 999 999   0   0   0   0   0
1999   4  999 999 999 999 999   0   0   0   0   0
2001   4  999 999 999 999 999   0   0   0   0   0
2003   4  999 999 999 999 999   0   0   0   0   0
2004   4  999 999 999 999 999   0   0   0   0   0
2005   4  999 999 999 999 999   0   0   0   0   0
2006   4  999 999 999 999 999   0   0   0   0   0
2008   4  999 999 999 999 999   0   0   0   0   0
2009   4  999 999 999 999 999   0   0   0   0   0
2010   4  999 999 999 999 999   0   0   0   0   0
2011   4  999 999 999 999 999   0   0   0   0   0
2012   4  999 999 999 999 999   0   0   0   0   0
2013   4  999 999 999 999 999   0   0   0   0   0
2015   4  999 999 999 999 999   0   0   0   0   0
2016   4  999 999 999 999 999   0   0   0   0   0
2017   4   66  65  64  64  63   0   0   0   0   0
