Year NDay Positions each day    ; Flags -1=norace, 1=bumped & got bumped
2023   4  55  53  52  51  49   0   0   0   0
2022   4  61  61  60  59  57   0   0   0   0
2021   4 999 999 999 999 999   0   0   0   0
2019   4  54  54  55  54  55   1   0   0   0
2018   4 999 999 999 999 999   0   0   0   0
2017   4  58  57  56  55  53   0   0   0   0
2016   4 999 999 999 999 999   0   0   0   0
2015   4  56  61  59  57  57   0   0   0   0
2013   4 999 999 999 999 999   0   0   0   0
2012   4 999 999 999 999 999   0   0   0   0
2011   4 999 999 999 999 999   0   0   0   0
2010   4 999 999 999 999 999   0   0   0   0
2009   4 999 999 999 999 999   0   0   0   0
2008   4 999 999 999 999 999   0   0   0   0
2006   4  39  41  40  40  39   0   0   0   0
2005   4  42  42  41  39  38   0   0   0   0
2004   4  42  42  40  43  43   0   0   0   0
2003   4  45  44  44  42  42   0   0   0  -1
2001   4 999 999 999 999 999   0   0   0   0
1999   4  57  57  57  57  60  -1  -1  -1   0
1998   4 999 999 999 999 999   0   0   0   0
1997   4 999 999 999 999 999   0   0   0   0
1996   4 999 999 999 999 999   0   0   0   0
1995   4 999 999 999 999 999   0   0   0   0
1994   4 999 999 999 999 999   0   0   0   0
1993   4 999 999 999 999 999   0   0   0   0
1992   4  47  46  45  47  46   0   0   0   0
1991   4 999 999 999 999 999   0   0   0   0
1989   4  53  55  54  54  55   0   0   0   0
1988   4 999 999 999 999 999   0   0   0   0
1987   4  40  44  44  43  43   0   1   0   0
1986   4  44  44  44  44  44   1   0  -1   0
