Year NDay Positions each day    ; Flags -1=norace, 1=bumped & got bumped
2023   4  60  59  58  57  55   0   0   0   0
2022   4  59  58  58  59  59   0   0   0   0
2019   4  54  55  55  56  57   0   0   0   0
2018   4  58  58  57  57  56   0   0   0   0
2017   4  58  58  59  59  58   0   0   0   0
2016   4  60  59  59  59  60   0   0   0   0
2015   4  65  64  64  63  62   0   0   0   0
2014   4  69  69  68  67  66   0   0   0   0
2013   4 999 999 999 999 999   0   0   0   0
2012   4  73  73  72  71  70   0   0   0   0
2011   4 999 999 999 999 999   0   0   0   0
2010   4  47  48  49  50  51   0   0   0   0
2009   4  51  51  50  48  47   0   0   0   0
2008   4  50  50  49  49  50   0   0   0   0
2007   4  46  47  48  49  49   0   0   0   0
2006   4  44  47  48  48  49   0   0   0   0
2005   4  38  38  39  42  43   0   0   0   0
2004   4  39  38  38  39  39   0   0   0   0
2003   4  42  41  40  40  39   0   0   0   0
2002   4  45  45  44  43  43   0   0   0   0
2001   4  47  47  46  45  44   0   0   0   0
2000   4  46  46  47  48  48  -1   0   0   0
1999   4  45  46  47  48  47   0   0   0   0
1998   4  44  44  45  46  46   0   0   0   0
1997   4  43  44  45  45  46   0   0   0   0
1996   4  42  41  42  44  44   0   0   0   0
1995   4  43  42  42  43  43   0   0   0   0
1994   4  48  47  46  45  45   0   0   0   0
1993   4  54  54  54  54  55   0  -1  -1   0
1992   4  59  60  60  60  60   0   0   0   0
1991   4 999 999 999 999 999   0   0   0   0
1990   4  52  51  50  50  51   0   0   0   0
1989   4  60  60  59  58  57   0   0   0   0
1988   4 999 999 999 999 999   0   0   0   0
1987   4  45  46  47  47  48   0   0   0   0
1986   4  44  44  45  45  46   0   0   0   0
1985   4  41  42  49  48  47   0   0   0   0
1984   4  38  38  39  40  41   0   0   0   0
1983   4  47  46  45  45  46   0   0   0   0
1982   4 999 999 999 999 999   0   0   0   0
1981   4  42  42  42  42  41   0   0   0   0
