Year NDay Positions each day    ; Flags -1=norace, 1=bumped & got bumped
2023   4  14  12  12  11  11   0   0   0   0
2022   4  13  14  14  14  14   0   0   0   0
2019   4  15  15  15  13  13   0   0   0   0
2018   4  14  15  15  15  15   0   0   0   0
2017   4  15  15  15  14  14   0   0   0   0
2016   4  17  16  15  15  15   0   0   0   0
2015   4  19  19  18  17  17   0   0   0   0
2014   4  20  19  20  20  19   0   0   0   0
2013   4  18  18  18  19  20   0   0   0   0
2012   4  21  20  19  18  18   0   0   0   0
2011   4  19  20  20  21  21   0   0   0   0
2010   4  22  21  21  20  19   0   0   0   0
2009   4  25  25  24  23  22   0   0   0   0
2008   4  27  27  26  26  25   0   0   0   0
2007   4  29  28  28  27  27   0   0   0   0
2006   4  25  26  27  28  29   0   0   0   0
2005   4  24  24  25  25  25   0   0   0   0
2004   4  28  27  26  25  24   0   0   0   0
2003   4  25  25  26  27  28   0   0   0   0
2002   4  24  23  23  24  25   0   0   0   0
2001   4  25  25  26  26  24   0   0   0   0
2000   4  24  25  25  25  25   0   0   0   0
1999   4  22  22  23  24  24   0   0   0   0
1998   4  23  23  23  22  22   0   0   0   0
1997   4  23  23  24  24  23   0   0   0   0
1996   4  23  23  23  23  23   0   0   0   0
1995   4  25  22  23  23  23   0   0   0   0
1994   4  22  22  23  24  25   0   0   0   0
1993   4  20  21  21  22  22   0   0   0   0
1992   4  19  19  20  20  20   0   0   0   0
1991   4  23  22  21  20  19   0   0   0   0
1990   4  28  27  26  24  23   0   0   0   0
1989   4  28  28  28  28  28   0   0   0   0
1988   4  29  29  29  28  28   0   0   0   0
1987   4  31  31  30  30  29   0   0   0   0
1986   4  34  33  32  31  31   0   0   0   0
1985   4  37  36  36  35  34   0   0   0   0
1984   4  58  57  56  55  54   0   0   0   0
1983   4  63  62  60  59  58   0   0   0   0
1982   4  69  66  65  64  63   0   0   0   0
1981   4  73  72  71  70  69   0   0   0   0
1980   4  90  90  89  89  89   0   0   0   0
