Year NDay Positions each day    ; Flags -1=norace, 1=bumped & got bumped
2023   4  76  75  75  76  76   0   0   0   0
2022   4  78  78  79  80  81   0   0   0   0
2019   4 999 999 999 999 999   0   0   0   0
2018   4  59  59  56  55  55   0   0   0   0
2017   4  55  56  57  58  59   0   0   0   0
2016   4  55  55  56  57  57   0   0   0   0
2015   4  52  53  54  55  56   0   0   0   0
2014   4  47  48  49  51  52   0   0   0   0
2013   4  48  48  49  49  48   0   0   0   0
2012   4  45  46  47  48  48   0   0   0   0
2011   4  47  47  46  45  45   0   0   0   0
2010   4  51  51  50  48  47   0   0   0   0
2009   4  48  49  49  50  51   0   0   0   0
2008   4 999 999 999 999 999   0   0   0   0
2007   4 999 999 999 999 999   0   0   0   0
2006   4  39  40  39  39  40   0   0   0   0
2005   4  42  39  38  38  38   0   0   0   0
2004   4  38  39  40  41  42   0   0   0   0
2003   4  35  35  36  37  38   0   0   0   0
2002   4  32  33  34  35  36   0   0   0   0
2001   4  31  32  32  33  32   0   0   0   0
2000   4  33  33  32  31  31   0   0   0   0
1999   4  38  36  35  34  34   0   0   0   0
1998   4  34  35  36  37  38   0   0   0   0
1997   4  34  34  33  33  34   0   0   0   0
1996   4  38  36  35  35  34   0   0   0   0
1995   4  39  39  39  38  38   0   0   0   0
1994   4  38  37  38  39  39   0   0   0   0
1993   4  38  39  39  39  39   0  -1  -1   0
1992   4  35  36  37  37  38   0   0   0   0
1991   4  33  33  33  34  35   0   0   0   0
1990   4  29  30  31  32  33   0   0   0   0
1989   4  32  29  30  30  29   0   0   0   0
1988   4  29  30  31  32  32   0   0   0   0
1987   4  25  26  27  28  29   0   0   0   0
1986   4  22  25  24  25  25   0   0   0   0
1985   4  18  21  20  23  22   0   0   0   0
1984   4  22  21  20  19  18   0   0   0   0
1983   4  18  19  20  21  22   0   0   0   0
1982   4  16  16  16  17  18   0   0   0   0
1981   4  14  14  14  15  16   0   0   0   0
1980   4  15  14  13  13  14   0   0   0   0
1979   4  15  15  16  15  16   0   0   0   0
1978   4  15  15  15  15  15   0   0   0   0
1977   4 999 999 999 999 999   0   0   0   0
1976   4  11  10   9   9   9   0   0   0   0
