Year NDay Positions each day    ; Flags -1=norace, 1=bumped & got bumped
2023   4  58  59  59  60  61   0   0   0   0
2022   4  57  58  59  60  61   0   0   0   0
2019   4  60  60  59  58  57   0   0   0   0
2018   4  59  60  60  61  62   0   0   0   0
2017   4  63  63  62  61  60   0   0   0   0
2016   4  68  67  65  64  63   0   0   0   0
2015   4  68  68  68  68  69   0   0   0   0
2014   4  66  66  66  67  68   0   0   0   0
2013   4  65  66  67  68  69   0   0   0   0
2012   4  64  64  65  65  65   0   0   0   0
2011   4  62  63  64  65  65   0   0   0   0
2010   4  66  65  64  63  62   0   0   0   0
2009   4  71  71  70  69  68   0   0   0   0
2008   4  80  79  78  78  79   0   0   0   0
2007   4 999 999 999 999 999   0   0   0   0
2006   4  69  69  70  70  71   0   0   0   0
2005   4  74  72  71  71  71   0   0   0   0
2004   4  85  84  83  82  81   0   0   0   0
2003   4 999 999 999 999 999   0   0   0   0
2002   4  57  58  61  62  61   0   0   0   0
2001   4  55  56  57  57  56   0   0   0   0
2000   4  54  54  54  55  56   0   0   0   0
1999   4  56  55  55  55  54   0   0   0   0
1998   4  57  57  56  56  55   0   0   0   0
1997   4  61  61  60  60  59   0   0   0   0
1996   4  59  60  61  61  61   0   0   0   0
1995   4  55  56  59  58  58   0   0   0   0
1994   4  58  57  57  56  55   0   0   0   0
1993   4  60  59  59  59  58   0  -1  -1   0
1992   4  60  61  58  59  60   0   0   0   0
1991   4  63  62  61  60  60   0   0   0   0
1990   4  65  62  63  63  62   0   0   0   0
1989   4  66  65  65  65  66   0   0   0   0
1988   4  68  67  67  67  66   0   0   0   0
1987   4  69  66  67  67  68   0   0   0   0
1986   4  71  71  70  70  69   0   0   0   0
1985   4  75  74  72  71  71   0   0   0   0
1984   4  73  74  75  76  76   0   0   0   0
1983   4  84  84  85  86  87   0   0   0   0
1982   4  79  79  79  80  81   0   0   0   0
1981   4  80  80  80  80  80   0   0   0   0
1980   4 119 120 121 121 121   0   0   0   0
