Year NDay Positions each day    ; Flags -1=norace, 1=bumped & got bumped
2023   4  60  58  58  57  57   0   1   0   0
2022   4 999 999 999 999 999   0   0   0   0
2021   4  50  49  48  47  45   0   0   0   0
2019   4  58  57  57  60  59   0   0   0   0
2018   4 999 999 999 999 999   0   0   0   0
2017   4  61  61  60  58  57   0   0   0   0
2016   4 999 999 999 999 999   0   0   0   0
2015   4  47  47  46  48  49   0   0   0   0
2013   4  48  47  46  47  47   0   0   1   0
2012   4  49  50  50  48  48   0   0   0   1
2011   4  50  52  51  51  51   0   0   0   0
2010   4  60  60  60  58  57  -1  -1   0   0
2009   4 999 999 999 999 999   0   0   0   0
2008   4 999 999 999 999 999   0   0   0   0
2006   4 999 999 999 999 999   0   0   0   0
2005   4  40  41  43  42  41   0   0   0   0
2004   4  43  43  42  41  41   0   0   0   0
2003   4  38  40  43  43  43   0   0   1  -1
2001   4 999 999 999 999 999   0   0   0   0
1999   4  34  33  33  33  33   0   0   0   0
1998   4  39  38  37  36  36   0   0   0  -1
1997   4  35  36  36  37  38   1   1   0   0
1996   4  35  35  35  35  35   1   0   0   1
1995   4 999 999 999 999 999   0   0   0   0
1994   4  37  36  36  36  36   0  -1  -1  -1
1993   4 999 999 999 999 999   0   0   0   0
1992   4  34  33  33  37  38   0   0   0   0
1991   4  42  40  38  36  34   0   0   0   0
1989   4  43  44  45  45  45   0   0   0   0
1988   4  42  49  47  46  45   0   0   0   0
1987   4  45  49  48  49  48   0   0   0   0
1986   4 999 999 999 999 999   0   0   0   0
1985   4  27  27  27  28  31   0   0   0   0
1984   4  22  23  25  26  27   0   0   0   0
1983   4  22  22  23  22  22   0   1   0   0
1982   4  15  17  17  20  22   0   1   0   0
1981   4  14  14  14  15  15   0   1   0   0
1980   4  13  15  16  15  14   0   1   0   0
1979   4  13  15  12  12  13   0   0   1   0
1978   4   7  10  10   9   9   0   0   0   0
