Year NDay Positions each day    ; Flags -1=norace, 1=bumped & got bumped
2023   4  13  14  14  14  12   0   0   1   0
2022   4  17  16  16  14  13   0   0   0   0
2021   4  13  14  15  15  15   0   0   0   0
2019   4  18  17  17  16  15   0   0   0   0
2018   4  20  19  19  19  18   0  -1   0   0
2017   4  25  24  22  21  20   0   0   0   0
2016   4  15  16  17  16  25   0   0   0   0
2015   4  15  14  15  16  15   0   0   0   0
2013   4  19  18  17  16  15   0   0   0   0
2012   4  26  22  21  20  19   0   0   0   0
2011   4  30  29  28  27  26   0   0   0   0
2010   4  31  31  29  28  30   0   0   0   0
2009   4  29  31  32  31  30   0   0   0   0
2008   4 999 999 999 999 999   0   0   0   0
2006   4  15  17  17  23  24   0   0   0   0
2005   4  13  14  15  14  15   0   0   0   0
2004   4   8   9  12  12  13   0   0   0   0
2003   4   5   6   8   8   8   0   0   0  -1
2001   4   6   7   6   5   5   0   0   0   0
1999   4   5   5   6   7   8   0   0   0   0
1998   4   7   6   5   5   5   0   0   0  -1
1997   4  11  10   9   8   7   0   0   0   0
1996   4  10   9   9  10  12   0   0   0   0
1995   4  11  11  11  11  10   0   0   0   0
1994   4  11  11  11  11  11   0  -1  -1  -1
1993   4  10  10  10  11  11   0   1   0   1
1992   4   6   7   7   8  10   0   0   0   0
1991   4   3   3   4   5   6   0   0   0   0
1989   4   3   3   4   4   4   0   0   0   0
1988   4   4   3   3   3   3   0   0   0   0
1987   4   5   4   4   4   4   0   0   0   0
1986   4   3   4   5   5   5   0   0  -1   0
1985   4   3   3   4   4   3   0   0   0   0
1984   4   2   1   2   3   3   0   0   0   0
1983   4   3   2   2   2   2   0   0   0   0
1982   4   3   3   3   3   3   0   0   0   0
1981   4   4   3   3   3   3   0   0   0   0
1980   4   4   4   4   4   4   0   0   1   0
1979   4   4   7   9   6   4   0   0   0   0
1978   4   1   1   1   3   4   0   0   0   0
