Year NDay Positions each day    ; Flags -1=norace, 1=bumped & got bumped
2023   4  18  17  16  16  15   0   0   0   0
2022   4  16  15  16  17  18   0   0   0   0
2021   4  16  15  15  15  15   0   0   1   0
2019   4  20  19  19  20  19   0   0   0   0
2018   4  21  20  20  20  20   0  -1   0   1
2017   4  20  20  19  20  20   0   0   0   0
2016   4  21  21  20  20  21   0   0   0   0
2015   4  16  18  21  21  21   0   0   0   0
2013   4   8  13  14  15  16   0   0   0   0
2012   4  11  10   9   8   8   0   0   0   0
2011   4  11  11  11  11  11   0   1   0   0
2010   4  13  13  14  12  11   0   0   0   0
2009   4  13  12  12  13  13   0   0   0   0
2008   4  12  12  13  14  13   0   0   0   0
2006   4   7   8  10  12  12   0   0   0   0
2005   4  10   8   7   7   7   0   0   0   0
2004   4  15  14  14  11  10   0   0   0   0
2003   4  12  12  13  15  15   1   0   0  -1
2001   4  15  15  14  13  12   0   0   0   0
1999   4  20  19  18  16  15   0   0   0   0
1998   4  24  23  22  21  21   0   0   0  -1
1997   4  19  21  21  23  24   0   0   0   0
1996   4  14  15  16  18  19   0   0   0   0
1995   4  12  12  12  13  14   0   0   0   0
1994   4  12  12  12  12  12   1  -1  -1  -1
1993   4  11  11  12  12  12   0   0   0   0
1992   4  11  11  10  10  11   0   0   0   0
1991   4  17  15  14  12  11   0   0   0   0
1990   4  19  19  19  18  17   0   0  -1  -1
1989   4  20  20  19  19  19   0   0   0   0
1988   4  27  26  23  21  20   0   0   0   0
1987   4  31  30  29  28  27   0   0   0   0
1986   4  32  32  32  32  31   0   0  -1   0
1985   4  37  35  34  33  32   0   0   0   0
1984   4  52  51  47  46  46   0   0   0   0
1983   4  57  55  54  53  52   0   0   0   0
1982   4  62  62  60  59  58   0   0   0   0
1981   4  68  67  66  65  64   0   0   0   0
1980   4  83  82  82  82  82   0   0   0   0
