Year NDay Positions each day    ; Flags -1=norace, 1=bumped & got bumped
2023   4  21  22  22  23  23   0   0   0   0
2022   4  25  24  23  22  21   0   0   0   0
2019   4  22  23  24  24  25   0   0   0   0
2018   4  24  24  23  22  22   0   0   0   0
2017   4  25  24  23  23  24   0   0   0   0
2016   4  30  29  28  26  25   0   0   0   0
2015   4  30  30  30  30  30   0   0   0   0
2014   4  31  31  30  30  29   0   0   0   0
2013   4  29  30  31  31  32   0   0   0   0
2012   4  30  29  29  29  29   0   0   0   0
2011   4  33  32  31  30  30   0   0   0   0
2010   4  35  35  35  34  33   0   0   0   0
2009   4  33  33  34  34  35   0   0   0   0
2008   4  29  30  31  32  33   0   0   0   0
2007   4  26  27  28  29  29   0   0   0   0
2006   4  24  24  25  26  26   0   0   0   0
2005   4  21  21  22  23  24   0   0   0   0
2004   4  18  18  19  20  21   0   0   0   0
2003   4  12  13  14  15  18   0   0   0   0
2002   4   6   7  10  11  12   0   0   0   0
2001   4   7   8   8   7   6   0   0   0   0
2000   4   9   8   8   7   7   0   0   0   0
1999   4  11  10   9   9   9   0   0   0   0
1998   4   8   9  10  11  11   0   0   0   0
1997   4  12  11  10   9   8   0   0   0   0
1996   4  17  16  15  14  12   0   0   0   0
1995   4  17  17  16  16  17   0   0   0   0
1994   4  14  15  16  16  17   0   0   0   0
1993   4  11  12  13  14  14   0   0   0   0
1992   4  11  12  11  10  11   0   0   0   0
1991   4   8   9   9  10  11   0   0   0   0
1990   4   5   6   6   7   8   0   0   0   0
1989   4   6   6   6   5   5   0   0   0   0
1988   4   6   5   5   5   6   0   0   0   0
1987   4   9   9   8   7   6   0   0   0   0
1986   4   6   7   8   8   9   0   0   0   0
1985   4   3   3   4   5   6   0   0   0   0
1984   4   2   3   3   3   3   0   0   0   0
1983   4   4   4   3   2   2   0   0   0   0
1982   4   7   6   5   4   4   0   0   0   0
1981   4   8   8   8   7   7   0   0   0   0
1980   4   4   5   6   7   8   0   0   0   0
1979   4   3   3   3   4   4   0   0   0   0
1978   4   1   1   2   3   3   0   0   0   0
1977   4   2   2   2   1   1   0   0   0   0
1976   4   1   1   2   2   2   0   0   0   0
