Year NDay Positions each day    ; Flags -1=norace, 1=bumped & got bumped
2023   4  64  63  62  61  60   0   0   0   0
2022   4  74  72  71  70  69   0   0   0   0
2019   4  86  85  84  83  82   0   0   0   0
2018   4 999 999 999 999 999   0   0   0   0
2017   4  76  77  77  76  76   0   0   0   0
2016   4  74  75  76  77  77   0   0   0   0
2015   4  79  79  80  79  78   0   0   0   0
2014   4  86  85  84  83  83   0   0   0   0
2013   4 999 999 999 999 999   0   0   0   0
2012   4  86  87  87  88  89   0   0   0   0
2011   4 999 999 999 999 999   0   0   0   0
2010   4 999 999 999 999 999   0   0   0   0
2009   4  62  65  64  64  65   0   0   0   0
2008   4  61  62  62  60  61   0   0   0   0
2007   4  59  59  60  61  62   0   0   0   0
2006   4  55  56  57  58  59   0   0   0   0
2005   4  55  55  55  55  55   0   0   0   0
2004   4  58  58  57  56  55   0   0   0   0
2003   4  60  59  59  59  58   0   0   0   0
2002   4  61  60  59  59  60   0   0   0   0
2001   4  64  64  63  62  60   0   0   0   0
2000   4  60  60  61  62  65   0   0   0   0
1999   4  64  61  61  60  60   0   0   0   0
1998   4  63  64  65  65  64   0   0   0   0
1997   4  71  68  67  66  65   0   0   0   0
1996   4  74  73  73  72  71   0   0   0   0
1995   4  77  77  77  76  73   0   0   0   0
1994   4  82  81  80  79  78   0   0   0   0
1993   4  86  86  86  86  84   0  -1  -1   0
1992   4 999 999 999 999 999   0   0   0   0
1991   4 105 104 101 100 100   0   0   0   0
1990   4 999 999 999 999 999   0   0   0   0
1989   4 102 103 103 104 105   0   0   0   0
1988   4 999 999 999 999 999   0   0   0   0
1987   4 999 999 999 999 999   0   0   0   0
1986   4 999 999 999 999 999   0   0   0   0
1985   4 999 999 999 999 999   0   0   0   0
1984   4  77  77  77  77  78   0   0   0   0
1983   4 999 999 999 999 999   0   0   0   0
1982   4 107 108 107 108 107   0   0   0   0
1981   4  93  93  93  94  95   0   0   0   0
1980   4  83  84  85  85  85   0   0   0   0
1979   4  98  96  95  95  96   0   0   0   0
1978   4 105 105 104 104 103   0   0   0   0
1977   4 114 115 115 115 116   0   0   0   0
