Year NDay Positions each day    ; Flags -1=norace, 1=bumped & got bumped
2023   4  25  27  29  31  32   0   0   0   0
2022   4  25  25  26  25  25   0   0   0   0
2021   4  23  22  22  23  23   0   0   0   0
2019   4  22  23  22  24  25   0   0   0   0
2018   4  21  21  21  21  22   0  -1   0   0
2017   4  19  19  18  20  21   1   0   0   0
2016   4  24  22  21  20  19   0   0   0   0
2015   4  30  29  27  26  24   0   0   0   0
2013   4  31  30  31  30  30   0   0   0   0
2012   4  31  31  31  31  32   0   0   0   0
2011   4  25  26  27  30  31   0   0   0   0
2010   4  22  23  24  24  25   0   0   0   0
2009   4  23  22  22  21  21   0   0   0   0
2008   4  23  22  23  24  24   0   0   0   0
2006   4  25  24  24  24  23   0   1   0   0
2005   4  23  23  24  24  25   0   0   0   0
2004   4  26  24  23  23  23   0   0   0   1
2003   4  22  22  25  25  25   1   0   0  -1
2001   4  26  26  24  22  21  -1   0   0   0
1999   4  29  29  30  30  30   1   0   0   0
1998   4  31  31  32  31  31   0   0   0  -1
1997   4  28  28  28  28  30   0   0   0   0
1996   4  27  27  28  29  28   1   0   0   0
1995   4 999 999 999 999 999   0   0   0   0
1994   4  29  28  28  28  28   0  -1  -1  -1
1993   4  27  29  30  29  29   0   0   0   0
1992   4  31  30  29  28  27   0   0   0   0
1991   4  36  35  34  32  31   0   0   0   0
1989   4  38  38  38  38  36   0   0   0   0
1988   4  44  43  42  40  39   0   0   0   0
1987   4 999 999 999 999 999   0   0   0   0
1986   4 999 999 999 999 999   0   0   0   0
1985   4 999 999 999 999 999   0   0   0   0
1984   4 999 999 999 999 999   0   0   0   0
1983   4  18  18  20  23  25   0   0   0   0
1982   4  14  14  15  15  18   0   0   1   0
1981   4  10  11  12  13  14   0   0   0   0
1980   4   8   8   8   9  10   1   0   0   0
1979   4  11  11  11   8   8   0   0   0   0
