Year NDay Positions each day    ; Flags -1=norace, 1=bumped & got bumped
2023   4  18  19  19  20  21   0   0   0   0
2022   4  15  16  17  17  18   0   0   0   0
2019   4  17  17  16  15  15   0   0   0   0
2018   4  20  20  19  18  17   0   0   0   0
2017   4  23  22  21  20  20   0   0   0   0
2016   4  25  25  25  24  23   0   0   0   0
2015   4  28  26  25  26  25   0   0   0   0
2014   4  22  23  23  26  27   0   0   0   0
2013   4  23  23  24  23  23   0   0   0   0
2012   4  19  20  21  22  23   0   0   0   0
2011   4  17  17  18  19  19   0   0   0   0
2010   4  21  20  19  18  17   0   0   0   0
2009   4  24  23  22  21  21   0   0   0   0
2008   4  21  22  23  24  24   0   0   0   0
2007   4  21  21  21  21  21   0   0   0   0
2006   4  20  19  19  20  21   0   0   0   0
2005   4  23  22  21  20  20   0   0   0   0
2004   4  23  23  23  23  23   0   0   0   0
2003   4  25  25  24  24  23   0   0   0   0
2002   4  25  25  24  24  25   0   0   0   0
2001   4  24  25  25  24  25   0   0   0   0
2000   4  21  22  22  23  24   0   0   0   0
1999   4  23  23  22  22  21   0   0   0   0
1998   4  25  24  24  23  23   0   0   0   0
1997   4  24  24  25  25  25   0   0   0   0
1996   4  22  23  24  24  24   0   0   0   0
1995   4  24  23  23  22  22   0   0   0   0
1994   4  30  27  27  26  24   0   0   0   0
1993   4  31  30  30  30  30   0  -1  -1   0
1992   4  30  30  31  31  31   0   0   0   0
1991   4  27  28  29  30  30   0   0   0   0
1990   4  27  27  27  27  27   0   0   0   0
1989   4  26  27  28  28  27   0   0   0   0
1988   4  25  25  26  26  26   0   0   0   0
1987   4  27  27  26  25  25   0   0   0   0
1986   4  23  24  25  26  27   0   0   0   0
1985   4  19  20  21  22  23   0   0   0   0
1984   4  15  16  17  18  19   0   0   0   0
1983   4  11  12  13  14  15   0   0   0   0
1982   4   8   9  10  10  11   0   0   0   0
1981   4   7   6   7   8   8   0   0   0   0
1980   4  10  10   9   8   7   0   0   0   0
1979   4  11  11  11  11  11   0   0   0   0
1978   4  11  11  12  12  11   0   0   0   0
