Year NDay Positions each day    ; Flags -1=norace, 1=bumped & got bumped
2023   4  33  32  32  31  31   0   0   0   0
2022   4  37  36  35  34  33   0   0   0   0
2019   4  39  38  38  37  37   0   0   0   0
2018   4  37  38  39  39  39   0   0   0   0
2017   4  38  38  38  38  37   0   0   0   0
2016   4  35  36  36  37  38   0   0   0   0
2015   4  35  34  34  34  35   0   0   0   0
2014   4  35  35  34  34  35   0   0   0   0
2013   4  34  35  35  35  35   0   0   0   0
2012   4  30  31  32  33  34   0   0   0   0
2011   4  31  31  31  31  30   0   0   0   0
2010   4  32  32  32  32  31   0   0   0   0
2009   4  32  33  33  32  32   0   0   0   0
2008   4  29  29  30  31  32   0   0   0   0
2007   4  25  26  27  28  29   0   0   0   0
2006   4  28  27  26  26  25   0   0   0   0
2005   4  29  29  28  28  28   0   0   0   0
2004   4  30  30  30  29  29   0   0   0   0
2003   4  31  31  31  30  30   0   0   0   0
2002   4  33  32  31  31  31   0   0   0   0
2001   4  36  36  35  34  33   0   0   0   0
2000   4  34  34  35  36  37   0   0   0   0
1999   4  31  32  33  34  34   0   0   0   0
1998   4  31  30  30  30  30   0   0   0   0
1997   4  33  33  33  33  32   0   0   0   0
1996   4  30  31  32  32  33   0   0   0   0
1995   4  33  32  31  30  30   0   0   0   0
1994   4  37  36  35  34  33   0   0   0   0
1993   4  38  37  37  38  37   0   0   0   0
1992   4  37  37  38  38  38   0   0   0   0
1991   4  40  39  38  38  37   0   0   0   0
1990   4  42  41  42  41  40   0   0   0   0
1989   4  45  45  44  43  42   0   0   0   0
1988   4  49  48  47  46  45   0   0   0   0
1987   4  53  52  51  50  49   0   0   0   0
1986   4  55  55  54  54  53   0   0   0   0
1985   4  58  57  56  55  54   0   0   0   0
1984   4  62  62  60  59  58   0   0   0   0
1983   4  65  64  63  63  62   0   0   0   0
1982   4  68  67  67  66  65   0   0   0   0
1981   4  67  67  67  68  68   0   0   0   0
1980   4  70  69  68  68  67   0   0   0   0
1979   4  73  72  71  71  70   0   0   0   0
1978   4  83  82  81  80  79   0   0   0   0
1977   4  87  87  86  84  83   0   0   0   0
1976   4  88  88  88  88  87   0   0   0   0
1975   4  89  90  90  89  88   0   0   0   0
1974   4  86  87  88  89  90   0   0   0   0
1973   4  92  91  90  89  89   0   0   0   0
1972   4  91  91  92  92  93   0   0   0   0
1971   4  92  91  91  90  91   0   0   0   0
1970   4  89  92  91  91  92   0   0   0   0
1969   4  95  94  93  92  91   0   0   0   0
