Year NDay Positions each day    ; Flags -1=norace, 1=bumped & got bumped
2023   4  23  23  23  23  22   0   1   1   0
2022   4  27  27  26  24  23   0   0   0   0
2021   4  26  25  25  24  24   0   0   0   0
2019   4  30  30  30  30  29   0   0   0   0
2018   4  28  29  29  29  30   0  -1   0   0
2017   4  30  29  28  28  27   0   0   0   0
2016   4  33  32  32  32  31   0   1   0   0
2015   4  39  36  35  34  33   0   0   0   0
2013   4  40  39  38  39  39   0   0   0   0
2012   4  39  39  39  39  40   0   0   0   0
2011   4  33  32  37  38  39   0   0   0   0
2010   4  33  32  34  33  33   0   0   0   0
2009   4  32  31  32  32  33   0   0   0   0
2008   4  28  30  31  31  32   0   0   0   0
2006   4  26  27  28  28  28   0   0   0   0
2005   4  28  27  26  25  26   0   0   0   0
2004   4  32  31  30  29  28   0   0   0   0
2003   4  36  34  33  32  32   0   0   0  -1
2001   4 999 999 999 999 999   0   0   0   0
1999   4  27  28  29  30  30   0   0   0   0
1998   4  28  27  28  28  28   0   0   0  -1
1997   4  27  27  27  28  28   0   0   0   0
1996   4  31  30  29  28  27   0   0   0   0
1995   4 999 999 999 999 999   0   0   0   0
1994   4  34  32  32  32  32   0  -1  -1  -1
1993   4  42  40  39  35  34   0   0   0   0
1992   4  45  44  43  42  42   0   0   0   0
1991   4  48  47  46  45  44   0   0   0   0
1990   4 999 999 999 999 999   0   0   0   0
1989   4  46  45  49  49  48   0   0   0   0
1988   4  51  50  48  47  46   0   0   0   0
1987   4  55  54  53  52  51   0   0   0   0
1986   4  58  57  56  56  55   0   0  -1   0
1985   4  59  58  58  57  58   0   0   0   0
1984   4  61  62  61  60  59   0   0   0   0
1983   4  75  75  75  74  74   0   0   0   0
1982   4  55  56  61  61  62   0   0   0   0
1981   4  47  49  51  54  55   0   0   0   0
1980   4  52  51  50  48  47   0   0   0   0
1979   4  50  49  50  51  52   0   0   0   0
1978   4  55  53  51  51  50   0   0   0   0
1976   4 999 999 999 999 999   0   0   0   0
1975   4 999 999 999 999 999   0   0   0   0
1974   4 999 999 999 999 999   0   0   0   0
1973   4  51  51  49  49  49   0   0   0   0
1972   4  44  47  49  50  50   0   0   0   0
1971   4  46  46  45  46  46   1   0   0   0
