Year NDay Positions each day    ; Flags -1=norace, 1=bumped & got bumped
2023   4  42  42  41  40  40   0   0   0   0
2022   4  45  44  44  43  42   0   0   0   0
2019   4  41  41  42  43  44   0   0   0   0
2018   4  42  42  41  40  40   0   0   0   0
2017   4  43  43  43  43  43   0   0   0   0
2016   4  40  41  42  43  44   0   0   0   0
2015   4  38  39  40  40  40   0   0   0   0
2014   4  38  37  36  36  37   0   0   0   0
2013   4  42  42  42  41  39   0   0   0   0
2012   4  38  39  40  41  42   0   0   0   0
2011   4  38  38  39  39  38   0   0   0   0
2010   4  38  37  37  37  38   0   0   0   0
2009   4  40  39  39  39  38   0   0   0   0
2008   4  37  37  38  39  40   0   0   0   0
2007   4  35  36  37  37  37   0   0   0   0
2006   4  35  35  35  35  35   0   0   0   0
2005   4  34  34  35  35  35   0   0   0   0
2004   4  36  35  35  35  35   0   0   0   0
2003   4  40  39  39  38  36   0   0   0   0
2002   4  44  43  42  42  41   0   0   0   0
2001   4  43  42  42  43  43   0   0   0   0
2000   4  49  49  48  47  44  -1  -1   0   0
1999   4  47  48  49  50  51   0   0   0   0
1998   4  45  46  47  48  49   0   0   0   0
1997   4  48  49  49  48  48   0   0   0   0
1996   4  52  52  52  51  50   0   0   0   0
1995   4  50  51  52  53  54   0   0   0   0
1994   4  57  56  57  57  57   0   0   0   0
1993   4 999 999 999 999 999   0   0   0   0
1992   4 999 999 999 999 999   0   0   0   0
1991   4  59  57  57  57  57   0   0   0   0
1990   4 999 999 999 999 999   0   0   0   0
1989   4 999 999 999 999 999   0   0   0   0
1988   4 999 999 999 999 999   0   0   0   0
1987   4 999 999 999 999 999   0   0   0   0
1986   4 999 999 999 999 999   0   0   0   0
1985   4 999 999 999 999 999   0   0   0   0
1984   4 999 999 999 999 999   0   0   0   0
1983   4 999 999 999 999 999   0   0   0   0
1982   4  37  38  38  39  38   0   0   0   0
1981   4  24  25  25  26  27   0   0   0   0
1980   4  20  21  22  23  24   0   0   0   0
1979   4  18  19  20  21  21   0   0   0   0
1978   4  23  23  22  22  21   0   0   0   0
