Year NDay Positions each day    ; Flags -1=norace, 1=bumped & got bumped
2023   4  73  74  73  72  72   0   0   0   0
2022   4  80  79  78  77  77   0   0   0   0
2019   4 999 999 999 999 999   0   0   0   0
2018   4 999 999 999 999 999   0   0   0   0
2017   4 999 999 999 999 999   0   0   0   0
2016   4  69  69  68  67  67   0   0   0   0
2015   4  75  74  74  75  76   0   0   0   0
2014   4 999 999 999 999 999   0   0   0   0
2013   4 999 999 999 999 999   0   0   0   0
2012   4 999 999 999 999 999   0   0   0   0
2011   4 999 999 999 999 999   0   0   0   0
2010   4 999 999 999 999 999   0   0   0   0
2009   4 999 999 999 999 999   0   0   0   0
2008   4 999 999 999 999 999   0   0   0   0
2007   4 999 999 999 999 999   0   0   0   0
2006   4 999 999 999 999 999   0   0   0   0
2005   4  72  73  72  71  70   0   0   0   0
