Year NDay Positions each day    ; Flags -1=norace, 1=bumped & got bumped
2023   4  39  39  42  42  42   1   0   1   0
2022   4  45  44  43  41  40   0   0   0   0
2021   4  43  42  43  42  43   0   0   0   1
2019   4 999 999 999 999 999   0   0   0   0
2018   4  44  43  43  43  43   1  -1   0  -1
2017   4  48  46  45  45  44   0   0   1   0
2016   4  50  50  47  47  46   0   0   0   0
2015   4  58  57  56  55  54   0   0   0   0
2013   4 999 999 999 999 999   0   0   0   0
2012   4 999 999 999 999 999   0   0   0   0
2011   4  53  55  56  56  55   0   0   1   0
2010   4  61  61  61  61  60  -1  -1   0   0
2009   4 999 999 999 999 999   0   0   0   0
2008   4  40  49  48  46  47   0   0   0   0
2006   4  48  47  47  48  48   0   0   0   1
2005   4  53  52  51  51  50   0   0   0   0
2004   4  60  59  58  57  56   0   0   0   0
2003   4 999 999 999 999 999   0   0   0   0
2001   4 999 999 999 999 999   0   0   0   0
1999   4 999 999 999 999 999   0   0   0   0
1998   4  50  50  50  52  52   1   0   0  -1
1997   4 999 999 999 999 999   0   0   0   0
1996   4 999 999 999 999 999   0   0   0   0
1995   4 999 999 999 999 999   0   0   0   0
1994   4 999 999 999 999 999   0   0   0   0
1993   4 999 999 999 999 999   0   0   0   0
1992   4 999 999 999 999 999   0   0   0   0
1991   4 999 999 999 999 999   0   0   0   0
1989   4 999 999 999 999 999   0   0   0   0
1988   4 999 999 999 999 999   0   0   0   0
1987   4 999 999 999 999 999   0   0   0   0
1986   4 999 999 999 999 999   0   0   0   0
1985   4 999 999 999 999 999   0   0   0   0
1984   4 999 999 999 999 999   0   0   0   0
1983   4 999 999 999 999 999   0   0   0   0
1982   4 999 999 999 999 999   0   0   0   0
1981   4  24  25  29  32  31   0   0   0   0
1980   4  14  13  17  20  24   0   0   0   0
1979   4  14  12  15  15  14   0   0   0   0
