Year NDay Positions each day    ; Flags -1=norace, 1=bumped & got bumped
2023   4  54  53  53  53  53   0   0   0   0
2022   4  55  54  54  57  56   0   0   0   0
2021   4  57  56  53  52  51   0   0   0   0
2019   4  68  68  68  70  70   0   0   0   0
2018   4 999 999 999 999 999   0   0   0   0
2017   4 999 999 999 999 999   0   0   0   0
2016   4 999 999 999 999 999   0   0   0   0
2015   4 999 999 999 999 999   0   0   0   0
2013   4 999 999 999 999 999   0   0   0   0
2012   4 999 999 999 999 999   0   0   0   0
2011   4  73  72  71  70  69   0   0   0   0
2010   4 999 999 999 999 999   0   0   0   0
2009   4  58  59  61  62  63   0   0   0   0
2008   4  50  51  53  55  58   0   0   0   0
2006   4  57  56  54  53  52   0   0   0   0
2005   4  63  62  59  58  57   0   0   0   0
2004   4  63  65  64  63  65   0   0   0   0
2003   4  55  56  57  61  61   0   0   0  -1
2001   4  51  51  51  50  50  -1   0   0   0
1999   4  64  64  64  64  65  -1  -1  -1   1
1998   4  62  69  68  67  67   0   0   0  -1
1997   4  65  64  64  63  62   0   0   0   0
1996   4  70  68  68  68  68   0   0   1   1
1995   4 999 999 999 999 999   0   0   0   0
1994   4  77  77  77  77  77   0  -1  -1  -1
1993   4 999 999 999 999 999   0   0   0   0
1992   4 999 999 999 999 999   0   0   0   0
1991   4 999 999 999 999 999   0   0   0   0
1990   4 999 999 999 999 999   0   0   0   0
1989   4 999 999 999 999 999   0   0   0   0
1988   4 999 999 999 999 999   0   0   0   0
1987   4 999 999 999 999 999   0   0   0   0
1986   4 999 999 999 999 999   0   0   0   0
1985   4 999 999 999 999 999   0   0   0   0
1984   4  75  74  74  72  72   0   0   0   0
1983   4 999 999 999 999 999   0   0   0   0
1982   4 999 999 999 999 999   0   0   0   0
1981   4 999 999 999 999 999   0   0   0   0
1980   4  67  67  68  69  69   1   0   0   0
1979   4  67  67  68  68  68   0   0   0   0
