Year NDay Positions each day    ; Flags -1=norace, 1=bumped & got bumped
2023   4  47  47  48  49  49   0   0   0   0
2022   4  45  45  46  47  48   0   0   0   0
2019   4  48  47  46  45  45   0   0   0   0
2018   4  50  48  49  49  48   0   0   0   0
2017   4  53  53  52  51  50   0   0   0   0
2016   4  54  54  54  54  53   0   0   0   0
2015   4  53  54  55  55  54   0   0   0   0
2014   4  49  50  50  51  52   0   0   0   0
2013   4  51  50  49  49  50   0   0   0   0
2012   4  46  53  53  52  51   0   0   0   0
2011   4  46  46  46  46  46   0   0   0   0
2010   4  51  50  48  47  46   0   0   0   0
2009   4  54  53  53  52  51   0   0   0   0
2008   4 999 999 999 999 999   0   0   0   0
2007   4  44  45  46  49  50   0   0   0   0
2006   4  43  42  42  43  44   0   0   0   0
2005   4  39  42  43  42  43   0   0   0   0
2004   4  35  36  37  38  39   0   0   0   0
2003   4  33  33  34  35  35   0   0   0   0
2002   4  32  33  34  34  33   0   0   0   0
2001   4  33  32  32  32  32   0   0   0   0
2000   4  36  35  34  34  33   0   0   0   0
1999   4  33  34  35  35  36   0   0   0   0
1998   4  35  34  34  33  32   0   0   0   0
1997   4  40  39  38  38  36   0   0   0   0
1996   4  44  43  42  41  40   0   0   0   0
1995   4  46  46  46  45  44   0   0   0   0
1994   4  45  44  45  45  46   0   0   0   0
1993   4  50  48  47  46  45   0   0   0   0
1992   4  46  47  48  49  50   0   0   0   0
1991   4  42  43  44  45  46   0   0   0   0
1990   4  41  42  41  42  42   0   0   0   0
1989   4  37  40  41  41  41   0   0   0   0
1988   4  33  34  35  36  37   0   0   0   0
1987   4  32  32  31  32  33   0   0   0   0
1986   4  31  31  31  32  32   0   0   0   0
1985   4  31  30  30  31  31   0   0   0   0
1984   4  32  32  32  32  31   0   0   0   0
1983   4  35  34  33  32  32   0   0   0   0
1982   4  33  33  33  34  35   0   0   0   0
1981   4  35  34  34  34  33   0   0   0   0
1980   4  32  33  34  35  35   0   0   0   0
1979   4  36  35  34  33  32   0   0   0   0
1978   4  35  36  36  36  36   0   0   0   0
1977   4  35  34  34  35  35   0   0   0   0
1976   4  34  34  34  34  35   0   0   0   0
1975   4  35  34  34  34  34   0   0   0   0
1974   4  39  38  37  36  35   0   0   0   0
1973   4  40  40  40  39  39   0   0   0   0
1972   4  40  41  41  40  39   0   0   0   0
1971   4  37  38  38  39  40   0   0   0   0
1970   4  39  38  38  38  37   0   0   0   0
1969   4  35  36  37  38  39   0   0   0   0
1968   4  36  35  35  35  35   0   0   0   0
1967   4  36  37  37  37  36   0   0   0   0
1966   4  37  38  37  37  36   0   0   0   0
1965   4  33  34  35  36  37   0   0   0   0
1964   4  29  30  31  32  33   0   0   0   0
1963   4  26  26  27  28  29   0   0   0   0
1962   4  24  25  26  26  26   0   0   0   0
1961   4  25  25  25  25  24   0   0   0   0
1960   4  25  25  25  25  25   0   0   0   0
1959   4  25  25  25  26  25   0   0   0   0
1958   4  25  25  25  25  25   0   0   0   0
1957   4  27  27  27  26  25   0   0   0   0
1956   4  30  29  28  27  27   0   0   0   0
1955   4  32  31  31  31  30   0   0   0   0
1954   4  33  33  33  32  32   0   0   0   0
1953   6  37  38  37  36  35  34  33   0   0   0   0   0   0
1952   6  37  37  37  37  38  37  37   0   0   0   0   0   0
1951   6  40  40  39  39  39  38  37   0   0   0   0   0   0
1950   6  37  37  37  37  38  39  40   0   0   0   0   0   0
1949   6  40  40  39  38  38  38  37   0   0   0   0   0   0
1948   6  44  44  43  43  42  41  40   0   0   0   0   0   0
1947   6  50  49  48  47  46  45  44   0   0   0   0   0   0
1946   6  45  46  47  48  49  49  50   0   0   0   0   0   0
1938   6  48  48  49  50  51  52  53   0   0   0   0   0   0
1937   6  43  44  45  46  47  48  49   0   0   0   0   0   0
1936   6  40  39  39  40  41  42  43   0   0   0   0   0   0
1935   6  41  40  41  41  41  40  40   0   0   0   0   0   0
1934   6  36  37  38  39  40  41  42   0   0   0   0   0   0
1933   6  35  34  35  35  36  37  37   0   0   0   0   0   0
1932   6  35  35  34  33  34  35  35   0   0   0   0   0   0
1931   6  29  30  31  32  33  34  35   0   0   0   0   0   0
1930   6  32  32  32  31  30  30  29   0   0   0   0   0   0
1929   6  33  32  32  32  32  32  32   0   0   0   0   0   0
1928   6  31  32  33  34  34  33  33   0   0   0   0   0   0
1927   6  33  34  33  32  32  31  31   0   0   0   0   0   0
1926   4  37  36  36  35  34   0   0   0   0
1925   6  35  36  37  37  38  39  39   0   0   0   0   0   0
1924   6  29  30  31  32  33  34  35   0   0   0   0   0   0
1923   6  26  27  28  29  30  30  29   0   0   0   0   0   0
1922   6  21  22  22  23  24  25  26   0   0   0   0   0   0
1921   6  27  26  25  24  22  22  21   0   0   0   0   0   0
1920   6  28  28  29  29  29  28  28   0   0   0   0   0   0
1914   6 999 999 999 999 999 999 999   0   0   0   0   0   0
1913   6 999 999 999 999 999 999 999   0   0   0   0   0   0
1912   6 999 999 999 999 999 999 999   0   0   0   0   0   0
1911   6  27  28  28  28  29  30  31   0   0   0   0   0   0
1910   4  31  31  30  29  28   0   0   0   0
