Year NDay Positions each day    ; Flags -1=norace, 1=bumped & got bumped
2023   4  39  38  37  38  39   0   0   0   0
2022   4  41  40  40  40  39   0   0   0   0
2019   4  40  40  40  41  40   0   0   0   0
2018   4  39  38  38  39  39   0   0   0   0
2017   4  42  42  41  40  40   0   0   0   0
2016   4  47  46  45  44  43   0   0   0   0
2015   4  43  44  45  46  47   0   0   0   0
2014   4  43  42  41  41  42   0   0   0   0
2013   4  46  45  45  44  44   0   0   0   0
2012   4  50  49  48  47  46   0   0   0   0
2011   4  56  55  54  53  50   0   0   0   0
2010   4  65  64  63  62  60   0   0   0   0
2009   4  71  70  69  69  70   0   0   0   0
2008   4 999 999 999 999 999   0   0   0   0
2007   4 999 999 999 999 999   0   0   0   0
2006   4  41  41  42  43  44   0   0   0   0
2005   4  43  43  42  39  40   0   0   0   0
2004   4  50  48  47  44  43   0   0   0   0
2003   4  58  57  56  53  52   0   0   0   0
2002   4  67  66  65  64  63   0   0   0   0
2001   4 999 999 999 999 999   0   0   0   0
2000   4  51  51  51  52  52  -1  -1   0   0
1999   4  52  53  54  54  53   0   0   0   0
1998   4  55  56  57  57  56   0   0   0   0
1997   4 999 999 999 999 999   0   0   0   0
1996   4  54  55  55  54  54   0   0   0   0
1995   4 999 999 999 999 999   0   0   0   0
1994   4 999 999 999 999 999   0   0   0   0
1993   4  57  55  55  55  54   0  -1  -1   0
1992   4 999 999 999 999 999   0   0   0   0
1991   4 999 999 999 999 999   0   0   0   0
1990   4  58  58  55  54  53   0   0   0   0
1989   4 999 999 999 999 999   0   0   0   0
1988   4  51  50  50  51  52   0   0   0   0
1987   4  55  56  57  58  59   0   0   0   0
1986   4 999 999 999 999 999   0   0   0   0
1985   4  48  47  46  46  46   0   0   0   0
1984   4  49  48  47  48  48   0   0   0   0
1983   4  32  32  31  31  32   0   0   0   0
1982   4  44  43  43  42  42   0   0   0   0
