Year NDay Positions each day    ; Flags -1=norace, 1=bumped & got bumped
2023   4  18  16  15  12  11   0   0   0   0
2022   4  18  18  18  18  18   1   0   0   1
2021   4  17  16  16  16  16   0   0   0   0
2019   4  14  15  16  18  19   0   0   0   0
2018   4  10  13  13  13  14   0  -1   0   0
2017   4  14  14  12  11  10   0   0   0   0
2016   4  14  14  13  14  14   0   0   0   0
2015   4  17  16  16  15  14   0   0   0   0
2013   4  20  19  18  17  17   0   0   0   0
2012   4  27  26  24  22  21   0   0   0   0
2011   4  32  31  30  28  27   0   0   0   0
2010   4  33  33  33  33  32  -1   0   0   0
2009   4  33  32  31  32  32   0   0   0   0
2008   4  31  31  31  31  33   1   1   0   0
2006   4  23  25  27  29  32   0   0   0   0
2005   4  11  13  13  23  23   0   0   0   0
2004   4  11  11  11  11  11   1   1   0   0
2003   4  14  12  11  11  11   0   0   0  -1
2001   4   7   9  12  13  13   0   0   0   0
1999   4   9   9   8   9   9   1   0   0   0
1998   4  12  11  10   9   9   0   0   0  -1
1997   4  14  14  13  12  12   0   0   0   0
1996   4  19  18  17  16  15   0   0   0   0
1995   4 999 999 999 999 999   0   0   0   0
1994   4  20  19  19  19  19   0  -1  -1  -1
1993   4  26  23  22  21  20   0   0   0   0
1992   4  18  25  26  26  26   0   0   0   0
1991   4  18  17  17  18  18   0   0   0   0
1989   4  21  20  19  18  18   0   0   0   0
1988   4  25  24  23  22  21   0   0   0   0
1987   4  20  21  21  25  25   0   0   0   0
1986   4  18  18  18  18  20   0   0  -1   0
1985   4  15  15  16  17  18   0   0   0   0
1984   4  20  18  17  16  15   0   0   0   0
1983   4  25  24  22  21  20   0   0   0   0
1982   4  32  32  32  32  31   0   0   0   0
1981   4 999 999 999 999 999   0   0   0   0
1980   4  27  28  29  27  27   0   0   0   1
