Year NDay Positions each day    ; Flags -1=norace, 1=bumped & got bumped
2023   4  19  18  18  17  17   0   0   0   0
2022   4  22  22  21  20  19   0   0   0   0
2019   4  18  19  20  21  22   0   0   0   0
2018   4  17  16  16  17  18   0   0   0   0
2017   4  14  14  15  16  17   0   0   0   0
2016   4  17  16  15  14  14   0   0   0   0
2015   4  20  19  18  18  17   0   0   0   0
2014   4  21  21  20  20  19   0   0   0   0
2013   4  22  22  22  22  22   0   0   0   0
2012   4  26  25  24  23  22   0   0   0   0
2011   4  29  29  28  27  26   0   0   0   0
2010   4  29  29  28  28  29   0   0   0   0
2009   4  27  27  27  28  29   0   0   0   0
2008   4  23  24  25  26  27   0   0   0   0
2007   4  22  22  22  22  23   0   0   0   0
2006   4  22  23  23  23  22   0   0   0   0
2005   4  19  20  20  21  22   0   0   0   0
2004   4  16  17  17  18  19   0   0   0   0
2003   4  17  17  17  17  16   0   0   0   0
2002   4  18  19  19  18  17   0   0   0   0
2001   4  15  15  16  17  18   0   0   0   0
2000   4  18  17  16  15  15   0   0   0   0
1999   4  14  15  16  17  18   0   0   0   0
1998   4  17  16  16  15  14   0   0   0   0
1997   4  21  20  19  18  17   0   0   0   0
1996   4  25  24  23  22  21   0   0   0   0
1995   4  25  26  26  25  25   0   0   0   0
1994   4  22  23  24  24  25   0   0   0   0
1993   4  24  24  23  23  22   0   0   0   0
1992   4  21  22  22  23  24   0   0   0   0
1991   4  16  17  18  19  20   0   0   0   0
1990   4  15  16  17  17  16   0   0   0   0
1989   4  19  18  17  16  15   0   0   0   0
1988   4  20  21  21  20  19   0   0   0   0
1987   4  22  21  21  20  20   0   0   0   0
1986   4  20  21  22  22  22   0   0   0   0
1985   4  20  19  19  19  20   0   0   0   0
1984   4  20  20  21  21  20   0   0   0   0
1983   4  23  22  21  20  20   0   0   0   0
1982   4  27  26  25  24  23   0   0   0   0
