Year NDay Positions each day    ; Flags -1=norace, 1=bumped & got bumped
2023   4  68  67  69  68  68   0   0   0   1
2022   4 999 999 999 999 999   0   0   0   0
2021   4 999 999 999 999 999   0   0   0   0
2019   4 999 999 999 999 999   0   0   0   0
2018   4 999 999 999 999 999   0   0   0   0
2017   4  50  50  48  48  48   0   0   0   1
2016   4  51  51  50  49  49   0   0   0   0
2015   4  59  58  57  56  56   0   0   0   0
2013   4 999 999 999 999 999   0   0   0   0
2012   4  54  55  60  59  58   0   0   0   0
2011   4  61  58  58  59  58   0   0   0   0
2010   4 999 999 999 999 999   0   0   0   0
2009   4 999 999 999 999 999   0   0   0   0
2008   4 999 999 999 999 999   0   0   0   0
2006   4 999 999 999 999 999   0   0   0   0
2005   4 999 999 999 999 999   0   0   0   0
2004   4  51  50  53  56  59   0   0   0   0
2003   4  50  54  54  54  54   0   1   0  -1
