Year NDay Positions each day    ; Flags -1=norace, 1=bumped & got bumped
2023   4  49  49  48  50  49   0   0   0   0
2022   4  47  49  52  52  51   0   0   0   0
2021   4  38  38  39  39  42   0   0   0   0
2019   4  50  48  46  44  43   0   0   0   0
2018   4  51  50  50  50  50   0  -1   0  -1
2017   4  51  50  49  50  50   0   0   0   0
2016   4  51  50  50  52  53   0   0   0   0
2015   4  51  51  52  52  51   1   0   0   0
2013   4  39  49  51  50  51   0   0   0   0
2012   4  42  41  40  40  39   0   0   0   0
2011   4  45  44  43  42  42   0   0   0   0
2010   4  47  47  46  46  45  -1   0   0   0
2009   4  53  52  50  47  47   0   0   0   0
2008   4 999 999 999 999 999   0   0   0   0
2006   4  40  43  45  48  49   0   0   0   0
2005   4  37  38  38  38  40   0   0   0   0
2004   4  30  32  37  37  37   0   0   0   0
2003   4  32  31  31  30  30   0   0   0  -1
2001   4  35  34  33  32  32   0   0   0   1
1999   4  40  40  39  38  38   0   0   0   0
1998   4  41  40  40  41  41   0   0   0  -1
1997   4  45  44  42  41  40   0   0   0   0
1996   4  49  48  47  46  45   0   0   0   0
1995   4 999 999 999 999 999   0   0   0   0
1994   4  49  49  49  49  49   0  -1  -1  -1
1993   4  40  42  45  46  48   0   0   0   0
1992   4  35  37  40  40  40   0   0   0   0
1991   4  37  36  35  35  34   0   0   1   0
1990   4 999 999 999 999 999   0   0   0   0
1989   4  33  32  33  33  37   0   0   1   0
1988   4  30  30  29  30  33   0   0   0   0
1987   4  30  29  28  29  30   0   0   0   0
1986   4  29  28  29  29  30   0   0  -1   0
1985   4  31  30  29  28  29   0   0   0   0
1984   4  35  34  34  32  31   0   0   0   0
1983   4  31  35  35  35  35   0   1   0   0
1982   4  28  28  28  30  31   0   0   0   0
1981   4  25  26  26  27  28   0   0   0   0
1980   4  25  25  25  26  25   0   0   0   0
1979   4  30  26  25  25  25   0   0   0   0
1978   4  29  30  31  31  30   1   0   0   0
1976   4  28  29  30  30  29   0   0   0   0
1975   4  28  28  28  28  28   0   0   0   0
1974   4  34  34  31  29  28   0   0   0   0
1973   4  32  33  34  35  34   0   0   0   0
1972   4  35  35  35  34  33   0   0   0   0
1971   4  31  32  34  35  35   0   0   0   0
1970   4  30  30  31  33  32   1   0   1   0
1969   4  28  29  30  30  30   0   0   0   0
1968   4  28  27  27  28  28   0   0   0   0
1967   4  32  31  30  29  28   0   0   0   0
1966   4  34  34  34  33  32   0   0   0   0
1965   4  32  33  33  34  34   0   1   0   0
1964   4  25  27  29  31  33   0   0   0   0
1962   4  22  23  24  24  25   0   0   0   0
1961   4  25  24  24  23  22   0   0   0   0
1960   4  32  31  28  27  25   0   0   0   0
1959   4  32  32  31  31  32   0   0   0   0
1958   4  35  34  33  33  33   0   0   0   0
1957   4  34  35  36  36  35   0   0   0   0
1956   4  30  31  32  33  34   0   0   0   0
1955   6  32  33  33  32  31  31  30   0   0   0   0   0   0
1954   6  30  31  31  31  32  33  33   0   0   0   0   0   0
1953   6  29  28  27  27  28  29  30   0   0   0   0   0   0
1952   6  29  30  31  31  30  29  29   0   0   0   0   0   0
1951   6  25  26  27  27  28  28  29   0   0   0   0   0   0
1950   6  31  30  29  28  27  26  25   0   0   0   0   0   0
1949   4  34  33  32  31  31   0   0   0   0
1948   6  37  37  36  35  35  35  34   0   0   0   0   0   0
1947   6  40  40  41  40  39  38  37   0   0   0   0   0   0
1946   6 999 999 999 999 999 999 999   0   0   0   0   0   0
1938   6 999 999 999 999 999 999 999   0   0   0   0   0   0
1937   6 999 999 999 999 999 999 999   0   0   0   0   0   0
1936   6 999 999 999 999 999 999 999   0   0   0   0   0   0
1935   6 999 999 999 999 999 999 999   0   0   0   0   0   0
1934   6 999 999 999 999 999 999 999   0   0   0   0   0   0
1933   6 999 999 999 999 999 999 999   0   0   0   0   0   0
1932   6 999 999 999 999 999 999 999   0   0   0   0   0   0
1931   6  36  37  37  36  36  36  36   0   0   0   0   0   0
1930   6 999 999 999 999 999 999 999   0   0   0   0   0   0
1929   4 999 999 999 999 999   0   0   0   0
1928   6 999 999 999 999 999 999 999   0   0   0   0   0   0
1927   6 999 999 999 999 999 999 999   0   0   0   0   0   0
1926   6 999 999 999 999 999 999 999   0   0   0   0   0   0
1925   6  31  31  32  32  33  33  33   0   0   0   0   0   0
1924   6  31  31  32  32  32  32  32   0   0   0   0   0   0
1923   6  32  32  31  31  31  31  31   0   0   0   0   0   0
1922   6  33  34  34  34  34  34  34   0   0   0   0   0   0
1921   6  32  32  33  34  34  34  34   0   0   0   0   0   0
1920   6  35  34  34  34  34  33  32   0   0   0   0   0   0
