Year NDay Positions each day    ; Flags -1=norace, 1=bumped & got bumped
2023   4  45  44  43  41  40   0   0   0   0
2022   4  49  48  49  47  46   0   0   0   0
2021   4 999 999 999 999 999   0   0   0   0
2019   4  43  42  42  42  45   0   0   0   0
2018   4  42  44  44  44  44   1  -1   0  -1
2017   4  40  40  40  39  42   1   0   0   0
2016   4  40  39  40  39  40   0   0   0   0
2015   4  42  41  40  40  40   0   0   1   0
2013   4  46  45  44  43  42   0   0   0   0
2012   4  50  49  48  47  46   0   0   0   0
2011   4  55  54  54  53  52   0   0   0   0
2010   4 999 999 999 999 999   0   0   0   0
2009   4 999 999 999 999 999   0   0   0   0
2008   4 999 999 999 999 999   0   0   0   0
2006   4  32  37  41  45  49   0   0   0   0
2005   4  32  31  31  32  32   0   0   0   0
2004   4  38  36  35  35  33   0   0   0   0
2003   4  42  41  40  39  39   0   0   0  -1
2001   4 999 999 999 999 999   0   0   0   0
1999   4  50  50  50  50  48  -1  -1  -1   0
1998   4  49  51  58  60  60   0   0   0  -1
1997   4  43  44  45  46  48   0   1   0   0
1996   4  47  46  45  44  44   0   0   0   0
1995   4 999 999 999 999 999   0   0   0   0
1994   4 999 999 999 999 999   0   0   0   0
1993   4 999 999 999 999 999   0   0   0   0
1992   4 999 999 999 999 999   0   0   0   0
1991   4 999 999 999 999 999   0   0   0   0
1989   4 999 999 999 999 999   0   0   0   0
1988   4 999 999 999 999 999   0   0   0   0
1987   4  48  47  46  45  44   0   0   0   0
1986   4 999 999 999 999 999   0   0   0   0
1985   4 999 999 999 999 999   0   0   0   0
1984   4 999 999 999 999 999   0   0   0   0
1983   4  27  28  28  28  30   0   0   0   0
1982   4  37  36  35  35  34   0   0   0   0
