Year NDay Positions each day    ; Flags -1=norace, 1=bumped & got bumped
2023   4  56  55  54  53  51   0   0   0   0
2022   4  56  55  55  55  55   0   0   0   0
2019   4  51  51  52  53  54   0   0   0   0
2018   4  48  49  50  51  52   0   0   0   0
2017   4  50  49  49  49  49   0   0   0   0
2016   4  52  51  51  52  52   0   0   0   0
2015   4  50  50  50  51  52   0   0   0   0
2014   4  49  50  51  50  50   0   0   0   0
2013   4  51  50  50  50  51   0   0   0   0
2012   4  54  54  50  51  51   0   0   0   0
2011   4  58  57  56  55  54   0   0   0   0
2010   4  67  66  65  64  63   0   0   0   0
2009   4 999 999 999 999 999   0   0   0   0
2008   4 999 999 999 999 999   0   0   0   0
2007   4 999 999 999 999 999   0   0   0   0
2006   4  72  71  70  69  68   0   0   0   0
2005   4 999 999 999 999 999   0   0   0   0
2004   4  56  56  57  58  59   0   0   0   0
2003   4  63  64  64  63  62   0   0   0   0
2002   4  72  72  72  72  72   0   0   0   0
2001   4 999 999 999 999 999   0   0   0   0
2000   4 999 999 999 999 999   0   0   0   0
1999   4 999 999 999 999 999   0   0   0   0
1998   4 999 999 999 999 999   0   0   0   0
1997   4 999 999 999 999 999   0   0   0   0
1996   4  60  61  61  60  61   0   0   0   0
1995   4 999 999 999 999 999   0   0   0   0
1994   4 999 999 999 999 999   0   0   0   0
1993   4 999 999 999 999 999   0   0   0   0
1992   4 999 999 999 999 999   0   0   0   0
1991   4 999 999 999 999 999   0   0   0   0
1990   4 999 999 999 999 999   0   0   0   0
1989   4 999 999 999 999 999   0   0   0   0
1988   4 999 999 999 999 999   0   0   0   0
1987   4 999 999 999 999 999   0   0   0   0
1986   4 999 999 999 999 999   0   0   0   0
1985   4  61  61  61  61  61   0   0   0   0
