Year NDay Positions each day    ; Flags -1=norace, 1=bumped & got bumped
2023   4  84  84  84  84  84   0   0   0   0
2022   4 999 999 999 999 999   0   0   0   0
2019   4 999 999 999 999 999   0   0   0   0
2018   4 999 999 999 999 999   0   0   0   0
2017   4 999 999 999 999 999   0   0   0   0
2016   4 999 999 999 999 999   0   0   0   0
2015   4  77  76  75  74  71   0   0   0   0
2014   4 999 999 999 999 999   0   0   0   0
2013   4 999 999 999 999 999   0   0   0   0
2012   4  66  67  64  63  62   0   0   0   0
2011   4  68  68  69  69  72   0   0   0   0
