Year NDay Positions each day
1913   6   33  33  32  32  33  33  33
1914   6  999 999 999 999 999 999 999
1920   6  999 999 999 999 999 999 999
1921   6   34  34  33  32  31  30  29
1922   6   29  28  28  27  27  26  25
1923   6   25  25  26  27  28  29  30
1924   6   30  29  29  30  31  31  31
1925   6   31  31  30  29  29  30  30
1926   4   30  29  28  28  27
1927   6  999 999 999 999 999 999 999
1928   6  999 999 999 999 999 999 999
1929   6  999 999 999 999 999 999 999
1930   6   45  46  46  46  46  46  46
1931   6   46  46  45  45  46  46  45
1932   6   45  44  43  42  41  40  39
1933   6   39  40  41  42  42  43  43
1934   6   42  43  44  44  45  46  46
1935   6   45  46  46  45  44  44  43
1936   6   43  42  42  41  40  40  41
1937   6   41  41  40  39  38  38  36
1938   6   36  37  37  37  38  39  40
1939   6   40  40  41  42  43  44  45
1946   6   44  44  43  43  42  41  40
1947   6   40  39  38  36  35  34  33
1948   6   33  33  33  32  31  31  30
1949   6   30  31  32  33  36  37  38
1950   6   38  38  38  39  39  38  38
1951   6   38  39  40  40  41  40  40
1952   6   40  41  44  45  45  44  43
1953   6   43  43  43  43  42  42  41
1954   4   41  42  42  43  44
1955   4   44  45  46  47  48
1956   4   48  49  49  50  51
1957   4   51  51  50  50  49
1958   4   49  50  51  52  53
1959   4   53  52  52  51  50
1960   4   50  50  49  52  53
1961   4   53  54  54  53  52
1962   4   52  51  51  50  50
1963   4   50  51  52  53  54
1964   4   54  53  53  52  51
1965   4   51  52  55  56  57
1966   4   56  59  60  61  61
1967   4   61  60  60  59  58
1968   4   58  58  59  60  61
1969   4   61  62  63  64  65
1970   4   65  66  66  66  66
1971   4   66  67  67  66  65
1972   4   65  64  64  64  64
1973   4   65  66  66  66  67
1974   4   68  69  69  68  68
1975   4   68  69  70  71  71
1976   4   71  72  73  73  74
1977   4   74  75  78  79  80
1978   4   80  80  80  81  82
1979   4  999 999 999 999 999
1980   4   73  72  72  71  71
1981   4   71  71  72  73  74
1982   4   77  76  76  76  75
1983   4   90  89  88  87  86
1984   4  999 999 999 999 999
1985   4  108 108 108 108 107
1986   4  102 103 103 102 102
1987   4   96  97  98  99  99
1988   4   94  93  94  94  94
1989   4   90  89  88  87  93
1990   4   85  84  83  82  82
1991   4   83  83  83  84  84
1992   4   80  79  80  79  78
1993   4   76  76  76  76  75
1994   4   74  74  72  71  70
1995   4   69  68  67  66  66
1996   4   67  68  63  64  65
1997   4   65  64  63  62  61
1998   4   59  58  55  54  53
1999   4   54  53  52  51  50
2000   4   50  48  47  47  47
2001   4   46  47  48  49  50
2002   4   51  51  52  53  53
2003   4   53  54  54  55  56
2004   4   56  57  58  61  64
2005   4   64  63  63  62  58
2006   4   58  59  60  61  62
2007   4   62  62  57  56  55
2008   4   54  55  56  57  58
2009   4   59  60  61  61  62
2010   4   62  62  63  64  65
2011   4  999 999 999 999 999
2012   4   88  88  89  89  88
2013   4   80  81  82  82  83
2014   4   77  78  79  80  78
2015   4   76  77  77  76  77
2016   4  999 999 999 999 999
2017   4   88  89  89  88  87
