Year NDay Positions each day    ; Flags -1=norace, 1=bumped & got bumped
2023   4  11  10   9   8   7   0   0   0   0
2022   4  15  14  14  12  11   0   0   0   0
2021   4   9  10  11  12  13   0   0   0   0
2019   4   9   8   8   9  11   0   0   0   0
2018   4  12  10  10  10   9   0  -1   0   0
2017   4   1   5   9  10  12   0   0   0   0
2016   4   2   1   1   1   1   0   0   0   0
2015   4   1   2   2   2   2   0   0   0   0
2013   4   1   1   1   1   1   0   0   0   0
2012   4   1   1   1   1   1   0   0   0   0
2011   4   1   1   1   1   1   0   0   0   0
2010   4   3   2   2   1   1   0   0   0   0
2009   4   6   6   5   4   3   0   0   0   0
2008   4  10   9   8   7   6   0   0   0   0
2006   4   9   9   8   9  10   1   0   0   0
2005   4  12  11  10  10   9   0   0   0   0
2004   4  17  16  15  14  12   0   0   0   0
2003   4  15  15  16  16  16   0   0   0  -1
2001   4  19  18  16  15  14   0   0   0   0
1999   4  22  22  21  21  21   1   0   0   0
1998   4  29  27  26  24  24   0   0   0  -1
1997   4  32  31  30  29  28   0   0   0   0
1996   4  25  30  30  31  32   0   0   0   0
1995   4 999 999 999 999 999   0   0   0   0
1994   4  27  26  26  26  26   0  -1  -1  -1
1993   4  30  30  29  28  27   0   0   0   0
1992   4  29  28  27  27  30   0   0   0   0
1991   4  34  33  32  31  29   0   0   0   0
1989   4  31  37  36  35  34   0   0   0   0
1988   4  30  31  30  30  31   0   0   0   0
1987   4  31  30  30  29  30   0   0   0   0
1986   4  29  30  30  30  31   0   0  -1   0
1985   4  31  30  30  30  30   0   0   0   1
1984   4  24  25  29  31  34   0   0   0   0
1983   4  26  26  26  26  24   0   0   0   0
1982   4 999 999 999 999 999   0   0   0   0
1981   4  32  33  33  33  32   0   0   0   0
