Year NDay Positions each day    ; Flags -1=norace, 1=bumped & got bumped
2023   4   9   9   9   9   9   0   0   0   0
2022   4  12  11  11  10   9   0   0   0   0
2019   4   9   9  10  11  12   0   0   0   0
2018   4   8   8   8   9   9   0   0   0   0
2017   4   4   5   6   7   8   0   0   0   0
2016   4   3   4   4   4   4   0   0   0   0
2015   4   5   5   4   3   3   0   0   0   0
2014   4   5   4   4   5   5   0   0   0   0
2013   4   8   7   6   6   5   0   0   0   0
2012   4  11  10  10   9   8   0   0   0   0
2011   4   7   8   9  10  11   0   0   0   0
2010   4   7   8   8   7   7   0   0   0   0
2009   4  10  10   9   8   7   0   0   0   0
2008   4  11  11  11  10  10   0   0   0   0
2007   4   9   9   9  10  11   0   0   0   0
2006   4  12  12  11  10   9   0   0   0   0
2005   4  15  14  14  13  12   0   0   0   0
2004   4  17  16  16  16  15   0   0   0   0
2003   4  14  15  16  16  17   0   0   0   0
2002   4  10  11  12  13  14   0   0   0   0
2001   4  10  10  10  10  10   0   0   0   0
2000   4  14  12  11  10  10   0   0   0   0
1999   4  16  16  15  14  14   0   0   0   0
1998   4  19  18  17  17  16   0   0   0   0
1997   4  23  22  21  20  19   0   0   0   0
1996   4  21  21  22  23  23   0   0   0   0
1995   4  18  19  20  21  21   0   0   0   0
1994   4  18  17  17  18  18   0   0   0   0
1993   4  20  19  19  18  18   0   0   0   0
1992   4  22  21  21  21  20   0   0   0   0
1991   4  21  20  20  21  21   0   0   0   0
1990   4  24  23  22  22  21   0   0   0   0
1989   4  28  28  27  26  24   0   0   0   0
1988   4  31  31  30  29  28   0   0   0   0
1987   4  30  30  30  31  31   0   0   0   0
1986   4  33  33  32  31  30   0   0   0   0
1985   4  36  35  34  33  33   0   0   0   0
1984   4  37  37  37  36  36   0   0   0   0
1983   4  34  33  33  32  31   0   0   0   0
1982   4  33  34  35  35  36   0   0   0   0
1981   4  32  32  32  32  33   0   0   0   0
