Year NDay Positions each day    ; Flags -1=norace, 1=bumped & got bumped
2023   4  41  40  39  39  38   0   0   0   0
2022   4  42  42  41  41  41   0   0   0   0
2019   4  37  38  39  40  41   0   0   0   0
2018   4  41  40  39  38  37   0   0   0   0
2017   4  39  40  40  41  42   0   0   0   0
2016   4  42  42  41  40  40   0   0   0   0
2015   4  44  43  42  42  42   0   0   0   0
2014   4  45  45  45  44  43   0   0   0   0
2013   4  44  43  44  45  46   0   0   0   0
2012   4  43  44  45  45  44   0   0   0   0
2011   4  39  40  41  42  43   0   0   0   0
2010   4  43  42  41  40  39   0   0   0   0
2009   4  44  44  43  43  43   0   0   0   0
2008   4  46  46  45  45  44   0   0   0   0
2007   4 999 999 999 999 999   0   0   0   0
2006   4  47  44  44  44  43   0   0   0   0
2005   4  44  44  45  46  46   0   0   0   0
2004   4  40  41  42  43  44   0   0   0   0
2003   4  36  37  38  39  40   0   0   0   0
2002   4  41  39  39  38  37   0   0   0   0
2001   4  39  40  40  40  40   0   0   0   0
2000   4  44  44  42  41  40  -1   0   0   0
1999   4  48  47  46  45  45   0   0   0   0
1998   4  48  49  49  49  50   0   0   0   0
1997   4  53  52  51  52  52   0   0   0   0
1996   4  61  60  59  58  58   0   0   0   0
1995   4 999 999 999 999 999   0   0   0   0
1994   4 999 999 999 999 999   0   0   0   0
1993   4  53  52  52  52  51   0  -1  -1   0
1992   4  60  59  59  59  59   0   0   0   0
1991   4 999 999 999 999 999   0   0   0   0
1990   4  56  55  58  57  57   0   0   0   0
1989   4 999 999 999 999 999   0   0   0   0
1988   4  58  57  56  57  58   0   0   0   0
1987   4 999 999 999 999 999   0   0   0   0
1986   4  57  57  57  58  58   0   0   0   0
