Year NDay Positions each day    ; Flags -1=norace, 1=bumped & got bumped
2023   4  46  46  45  45  45   0   0   0   0
2022   4  50  50  49  48  47   0   0   0   0
2019   4  49  49  49  50  50   0   0   0   0
2018   4  45  46  47  48  49   0   0   0   0
2017   4  42  43  43  44  45   0   0   0   0
2016   4  38  39  40  41  42   0   0   0   0
2015   4  34  35  36  37  38   0   0   0   0
2014   4  38  37  36  35  34   0   0   0   0
2013   4  38  37  37  38  38   0   0   0   0
2012   4  36  37  36  37  38   0   0   0   0
2011   4  32  33  34  35  36   0   0   0   0
2010   4  29  30  31  31  32   0   0   0   0
2009   4  29  29  29  29  29   0   0   0   0
2008   4  28  28  28  29  29   0   0   0   0
2007   4  31  30  29  29  28   0   0   0   0
2006   4  30  30  31  31  31   0   0   0   0
2005   4  33  32  32  31  30   0   0   0   0
2004   4  36  35  34  34  33   0   0   0   0
2003   4  40  39  39  38  36   0   0   0   0
2002   4  42  41  41  40  40   0   0   0   0
2001   4  41  42  42  41  41   0   0   0   0
2000   4  43  44  43  42  42   0   0   0   0
1999   4  40  41  41  42  43   0   0   0   0
1998   4  37  38  39  39  39   0   0   0   0
1997   4  34  35  36  37  38   0   0   0   0
1996   4  36  36  35  34  34   0   0   0   0
1995   4  41  40  39  38  36   0   0   0   0
1994   4  47  46  43  42  41   0   0   0   0
1993   4  46  46  46  47  47   0   0   0   0
1992   4  49  48  47  46  46   0   0   0   0
1991   4  48  49  49  50  49   0   0   0   0
1990   4  50  50  50  49  48   0   0   0   0
1989   4  47  47  48  49  50   0   0   0   0
1988   4  44  45  46  47  47   0   0   0   0
1987   4  45  44  44  44  44   0   0   0   0
1986   4  44  44  45  45  45   0   0   0   0
1985   4  46  46  45  45  44   0   0   0   0
1984   4  43  44  45  45  45   0   0   0   0
1983   4  44  43  42  43  43   0   0   0   0
1982   4  50  49  46  45  44   0   0   0   0
1981   4  52  51  51  50  50   0   0   0   0
1980   4  49  49  50  51  52   0   0   0   0
1979   4  47  47  48  48  49   0   0   0   0
1978   4  47  46  46  46  47   0   0   0   0
1977   4  43  42  45  46  47   0   0   0   0
1976   4  46  45  44  44  43   0   0   0   0
1975   4  50  49  48  47  46   0   0   0   0
1974   4  54  53  52  51  50   0   0   0   0
1973   4  57  56  55  54  53   0   0   0   0
1972   4  50  53  54  55  56   0   0   0   0
1971   4  53  52  51  50  50   0   0   0   0
1970   4  49  50  51  52  53   0   0   0   0
1969   4  43  46  47  48  49   0   0   0   0
1968   4  40  41  42  43  43   0   0   0   0
1967   4  37  38  39  39  40   0   0   0   0
1966   4  31  32  35  36  37   0   0   0   0
1965   4  29  29  30  30  31   0   0   0   0
1964   4  27  28  28  28  29   0   0   0   0
1963   4  32  29  28  27  27   0   0   0   0
1962   4  32  32  33  33  32   0   0   0   0
1961   4  32  31  31  32  32   0   0   0   0
1960   4  30  30  30  31  32   0   0   0   0
1959   4  27  28  29  30  30   0   0   0   0
1958   4  28  28  27  27  27   0   0   0   0
1957   4  24  25  26  27  28   0   0   0   0
1956   4  20  21  22  23  24   0   0   0   0
1955   4  19  19  19  20  20   0   0   0   0
1954   4  21  21  20  19  19   0   0   0   0
1953   6  20  20  20  21  21  21  21   0   0   0   0   0   0
1952   6  19  19  18  18  19  19  20   0   0   0   0   0   0
1951   6  15  16  17  17  17  18  19   0   0   0   0   0   0
1950   6  17  17  17  16  15  15  15   0   0   0   0   0   0
1949   6  16  16  17  17  17  17  17   0   0   0   0   0   0
1948   6  17  17  17  17  17  17  16   0   0   0   0   0   0
1947   6  12  13  14  15  16  17  17   0   0   0   0   0   0
1946   6  18  17  16  15  14  13  12   0   0   0   0   0   0
1938   6  13  13  13  13  13  12  12   0   0   0   0   0   0
1937   6  12  12  13  14  14  13  13   0   0   0   0   0   0
1936   6  19  18  17  16  15  14  12   0   0   0   0   0   0
1935   6  13  14  15  16  17  18  19   0   0   0   0   0   0
1934   6  12  12  12  12  13  13  13   0   0   0   0   0   0
1933   6  11  10  10  11  12  12  12   0   0   0   0   0   0
1932   6  16  16  15  14  13  12  11   0   0   0   0   0   0
1931   6  16  17  17  17  17  16  16   0   0   0   0   0   0
1930   6  11  12  13  14  15  16  16   0   0   0   0   0   0
1929   6   6   7   7   8   9  10  11   0   0   0   0   0   0
1928   6   9   9   9   9   8   7   6   0   0   0   0   0   0
1927   6  13  12  11  10   9   8   9   0   0   0   0   0   0
1926   4  15  14  13  13  13   0   0   0   0
1925   6  14  14  14  14  14  14  15   0   0   0   0   0   0
1924   6   9  10  11  12  13  14  14   0   0   0   0   0   0
1923   6   8   7   7   7   8   8   9   0   0   0   0   0   0
1922   6  10  10   9   8   8   8   8   0   0   0   0   0   0
1921   6   9   9   9   9   9  10  10   0   0   0   0   0   0
1920   6  11  10  10  10  10   9   9   0   0   0   0   0   0
1914   6  14  13  13  12  11  11  11   0   0   0   0   0   0
1913   6  12  13  14  14  14  14  14   0   0   0   0   0   0
1912   6  18  17  16  15  14  13  12   0   0   0   0   0   0
1911   6  22  22  22  21  20  19  18   0   0   0   0   0   0
1910   4  24  23  23  23  22   0   0   0   0
1909   6  24  24  24  24  24  24  24   0   0   0   0   0   0
1908   6  25  26  23  23  24  24  24   0   0   0   0   0   0
