Year NDay Positions each day    ; Flags -1=norace, 1=bumped & got bumped
2023   4  48  47  46  45  45   0   0   0   0
2022   4  52  52  51  50  49   0   0   0   0
2021   4  47  47  47  47  47   1   0   0   0
2019   4  55  55  54  53  54   0   0   0   0
2018   4  55  56  56  56  56   0  -1   0  -1
2017   4 999 999 999 999 999   0   0   0   0
2016   4  49  48  47  45  49   0   0   0   0
2015   4  37  39  42  44  49   0   0   0   0
2013   4  38  38  37  36  37   0   0   0   0
2012   4  32  32  35  37  38   0   0   0   0
2011   4  37  36  34  33  32   0   0   0   0
2010   4  29  30  31  36  37   0   0   0   0
2009   4  26  28  28  28  29   0   0   0   0
2008   4  22  21  25  25  26   0   0   0   0
2006   4  24  23  22  22  22   0   0   0   0
2005   4  30  29  28  26  24   0   0   0   0
2004   4  34  33  32  31  30   0   0   0   0
2003   4  38  36  35  34  34   0   0   0  -1
2001   4  30  31  32  36  36   0   0   0   0
1999   4  34  33  33  32  31   0   0   0   0
1998   4  39  38  36  35  35   0   0   0  -1
1997   4  40  39  38  38  38   0   0   0   0
1996   4  44  43  42  41  40   0   0   0   0
1995   4 999 999 999 999 999   0   0   0   0
1994   4  47  45  45  45  45   0  -1  -1  -1
1993   4  51  50  48  47  46   0   0   0   0
1992   4  56  55  54  53  52   0   0   0   0
1991   4  59  59  58  57  56   0   0   0   0
1990   4 999 999 999 999 999   0   0   0   0
1989   4  63  62  60  59  58   0   0   0   0
1988   4  66  65  64  63  64   0   0   0   1
1987   4  72  71  69  68  66   0   0   0   0
1986   4  68  68  67  67  73   0   0  -1   0
1985   4  72  72  71  71  70   1   0   1   0
1984   4  76  77  77  78  77   0   0   0   0
1983   4  68  67  67  66  65   0   0   0   0
1982   4  71  73  73  74  74   0   0   0   0
1981   4 999 999 999 999 999   0   0   0   0
1980   4 999 999 999 999 999   0   0   0   0
1979   4 999 999 999 999 999   0   0   0   0
1978   4  49  51  59  60  61   0   0   0   0
1976   4  43  46  48  49  50   1   0   0   0
1975   4  47  43  43  42  43   0   0   0   0
1974   4  45  46  46  46  45   0   0   0   0
1973   4  45  47  50  50  50   0   0   0   0
1972   4 999 999 999 999 999   0   0   0   0
1971   4  45  50  51  51  51   0   0   0   0
1970   4  48  48  47  49  49   1   1   0   0
1969   4  43  49  51  51  51   0   0   0   0
1968   4  35  39  42  44  45   0   0   0   0
1967   4  31  32  33  33  35   0   0   0   0
1966   4  33  33  31  31  31   0   0   0   0
1965   4  38  35  35  33  33   0   0   0   0
1964   4  39  41  43  43  43   0   0   0   0
1962   4  40  41  42  42  42   0   0   0   0
1961   4  34  38  39  40  41   0   0   0   0
1960   4  33  33  33  34  34   0   0   0   0
1959   4  30  31  32  33  33   0   0   0   0
1958   4  29  30  31  32  31   0   0   0   0
1957   4  25  26  27  28  29   0   0   0   0
1956   4  21  22  23  24  25   0   0   0   0
1955   6  26  25  24  23  22  21  21   0   0   0   0   0   0
1954   6  24  25  25  26  26  26  26   0   0   0   0   0   0
1953   6  31  30  29  28  27  26  24   0   0   0   0   0   0
1952   6  35  35  35  34  33  32  31   0   0   0   0   0   0
1951   6  40  39  38  36  36  36  35   0   0   0   0   0   0
1950   6  43  43  43  43  42  41  40   0   0   0   0   0   0
1949   4  43  43  43  44  44   0   0   0   0
1948   6  41  41  42  43  43  43  43   0   0   0   0   0   0
1947   6 999 999 999 999 999 999 999   0   0   0   0   0   0
1946   6  32  31  30  29  29  29  29   0   0   0   0   0   0
1938   6  24  25  26  27  28  29  29   0   0   0   0   0   0
1937   6  21  22  22  22  22  23  24   0   0   0   0   0   0
1936   6  17  18  19  20  20  21  21   0   0   0   0   0   0
1935   6  19  19  18  18  17  17  17   0   0   0   0   0   0
1934   6  23  23  22  21  20  20  19   0   0   0   0   0   0
1933   6  31  28  27  26  25  24  23   0   0   0   0   0   0
1932   6  25  26  27  28  29  30  31   0   0   0   0   0   0
1931   6  27  26  26  27  27  26  25   0   0   0   0   0   0
1930   6  27  26  26  26  26  26  27   0   0   0   0   0   0
1929   4  27  28  28  28  27   0   0   0   0
1928   6  22  22  23  24  25  26  27   0   0   0   0   0   0
1927   6  18  19  20  21  21  21  22   0   0   0   0   0   0
1926   6  21  21  21  21  20  19  18   0   0   0   0   0   0
1925   6  21  22  22  22  22  22  21   0   0   0   0   0   0
1924   6  16  17  18  19  20  21  21   0   0   0   0   0   0
1923   6  11  12  13  14  15  15  16   0   0   0   0   0   0
1922   6  10  10  11  11  11  11  11   0   0   0   0   0   0
1921   6   9   9   9   8   8   9  10   0   0   0   0   0   0
1920   6   4   4   5   6   7   8   9   0   0   0   0   0   0
1914   6   5   5   5   5   5   5   4   0   0   0   0   0   0
1913   6  11  10   9   8   7   6   5   0   0   0   0   0   0
1912   6   9   9   8   8   9  10  11   0   0   0   0   0   0
1911   6   9  10  10  10  10   9   9   0   0   0   0   0   0
1910   6  10   9  10  10  10   9   9   0   0   0   0   0   0
1909   6   8   8   9   9  10  10  10   0   0   0   0   0   0
1908   6  12  11  10   9   8   8   8   0   0   0   0   0   0
1907   6  15  16  16  15  14  13  12   0   0   0   0   0   0
1906   6  22  21  19  18  17  16  15   0   0   0   0   0   0
1905   6  20  19  19  20  21  22  22   0   0   0   0   0   0
1904   6  15  15  16  17  18  19  20   0   0   0   0   0   0
1903   6  16  16  16  15  15  15  15   0   0   0   0   0   0
1902   6  14  14  15  15  15  15  16   0   0   0  -1   0   0
1901   6  20  19  18  17  16  15  14   0   0   0   0   0   0
1900   6  20  21  22  22  21  21  20   0   0   0   0   0   0
1899   6  24  24  23  22  21  21  20   0   0   0   0   0   0
1898   6  24  25  26  26  26  26  26   0   0   0   0   0   0
1897   6  24  23  23  22  22  23  24   0   0   0   0   0   0
1896   6  25  25  24  23  23  24  24   0   0   0   0   0   0
1894   6  28  28  28  28  28  27  26   0   0   0   0   0   0
1893   6  25  26  26  27  28  28  28   0   0   0   0   0   0
1892   6  24  25  26  26  25  25  25   0   0   0   0   0   0
1891   6  21  21  21  22  23  24  24   0   0   0   0   0   0
1890   6  21  21  21  20  20  20  21   0   0   0   0   0   0
1889   6  19  19  18  18  19  20  21   0   0   0   0   0   0
1888   6  21  21  20  19  19  19  19   0   0   0   0   0   0
1887   6  21  21  20  20  20  21  21   0   0   0   0   0   0
1886   6  22  22  22  22  22  22  21   0   0   0   0   0   0
1885   6  26  25  24  23  22  22  22   0   0   0   0   0   0
1884   6 999 999 999 999 999 999 999   0   0   0   0   0   0
1883   6 999 999 999 999 999 999 999   0   0   0   0   0   0
1882   6 999 999 999 999 999 999 999   0   0   0   0   0   0
1881   6 999 999 999 999 999 999 999   0   0   0   0   0   0
1880   6 999 999 999 999 999 999 999   0   0   0   0   0   0
1879   6  26  26  25  25  25  25  25   0   0   0   0   0   0
