Year NDay Positions each day    ; Flags -1=norace, 1=bumped & got bumped
2023   4  44  45  45  44  48   0   0   0   0
2022   4  50  51  48  46  45   0   0   0   0
2021   4  53  52  51  49  48   0   0   0   0
2019   4 999 999 999 999 999   0   0   0   0
2018   4  52  51  51  51  51   0  -1   0  -1
2017   4  47  48  49  52  55   1   0   0   0
2016   4  49  48  46  45  45   0   0   0   0
2015   4  53  55  55  54  53   0   1   0   0
2013   4 999 999 999 999 999   0   0   0   0
2012   4  55  54  53  52  51   0   0   0   0
2011   4  59  60  60  60  60   1   0   0   0
2010   4 999 999 999 999 999   0   0   0   0
2009   4  50  48  49  48  48   0   0   0   1
2008   4  55  54  53  51  50   0   0   0   0
2006   4 999 999 999 999 999   0   0   0   0
2005   4  38  39  40  40  42   0   0   1   0
2004   4 999 999 999 999 999   0   0   0   0
2003   4  37  35  34  32  32   0   0   0  -1
2001   4 999 999 999 999 999   0   0   0   0
1999   4  41  41  41  41  39  -1  -1  -1   0
1998   4  43  42  42  46  46   0   0   0  -1
1997   4  34  33  37  39  42   0   0   0   0
1996   4  40  39  38  36  34   0   0   0   0
1995   4 999 999 999 999 999   0   0   0   0
1994   4 999 999 999 999 999   0   0   0   0
1993   4 999 999 999 999 999   0   0   0   0
1992   4  42  42  41  42  41   0   0   0   0
1991   4  41  41  43  44  49   1   0   0   0
1989   4  46  45  44  44  44   0   0   0   0
