Year NDay Positions each day
1935   6   58  58  58  58  57  56  56
1936   6   55  54  53  53  54  55  55
1937   6   53  52  51  49  48  47  46
1938   6   46  47  47  46  46  47  48
1939   6  999 999 999 999 999 999 999
1946   6   58  57  54  55  55  55  55
1947   6   55  55  60  61  61  62  63
1948   6   63  64  64  64  63  62  61
1949   6  999 999 999 999 999 999 999
1950   6   81  80  79  78  77  76  75
1951   6   75  74  72  71  70  70  69
1952   6   69  68  67  67  66  65  65
1953   6   65  64  63  62  62  61  60
1954   4   60  60  61  61  61
1955   4   60  59  58  57  57
1956   4   56  55  54  53  54
1957   4   54  53  53  54  54
1958   4   54  54  55  55  56
1959   4   56  55  58  57  60
1960   4   60  61  62  63  64
1961   4   64  65  66  67  68
1962   4   68  69  70  71  72
1963   4   71  72  73  74  75
1964   4  999 999 999 999 999
1965   4  999 999 999 999 999
1966   4   81  82  83  83  84
1967   4   83  84  84  85  86
1968   4   84  85  86  87  88
1969   4   86  89  90  91  92
1970   4   90  91  92  93  94
1971   4  999 999 999 999 999
1972   4  999 999 999 999 999
1973   4  999 999 999 999 999
1974   4  103 103 102 102 101
1975   4   99  99 100 101 102
1976   4  999 999 999 999 999
1977   4  110 108 107 107 106
1978   4  113 114 115 116 117
1979   4  999 999 999 999 999
1980   4  999 999 999 999 999
1981   4  999 999 999 999 999
1982   4  999 999 999 999 999
1983   4  103 104 103 102 101
1984   4  999 999 999 999 999
1985   4  109 109 109 109 109
1986   4  999 999 999 999 999
1987   4  104 104 105 105 105
1988   4   98  97  96  96  96
1989   4   92  92  92  91  89
1990   4   88  89  89  89  90
1991   4   88  88  87  86  85
1992   4   81  81  78  77  77
1993   4   77  77  77  77  77
1994   4   76  75  75  74  74
1995   4   73  74  74  72  71
1996   4   72  72  71  70  69
1997   4   69  70  71  70  71
1998   4   68  69  70  71  72
1999   4   71  72  73  74  75
2000   4  999 999 999 999 999
2001   4   77  77  76  75  74
2002   4  999 999 999 999 999
2003   4  999 999 999 999 999
2004   4  999 999 999 999 999
2005   4  999 999 999 999 999
2006   4   85  85  85  84  85
2007   4  999 999 999 999 999
2008   4   85  85  84  81  80
2009   4  999 999 999 999 999
2010   4  999 999 999 999 999
2011   4  999 999 999 999 999
2012   4  999 999 999 999 999
2013   4   85  86  87  88  89
2014   4   81  82  83  84  84
