Year NDay Positions each day    ; Flags -1=norace, 1=bumped & got bumped
2023   4  49  60  61  60  61   0   0   0   0
2022   4  43  43  44  49  49   1   0   0   0
2021   4  40  39  41  41  40   0   0   0   0
2019   4  48  47  46  45  44   0   0   1   0
2018   4  50  50  50  50  50   1  -1   0  -1
2017   4  56  55  54  53  52   0   0   0   0
2016   4 999 999 999 999 999   0   0   0   0
2015   4  60  60  60  60  60   1   1   1   0
2013   4 999 999 999 999 999   0   0   0   0
2012   4 999 999 999 999 999   0   0   0   0
2011   4 999 999 999 999 999   0   0   0   0
2010   4 999 999 999 999 999   0   0   0   0
2009   4 999 999 999 999 999   0   0   0   0
2008   4 999 999 999 999 999   0   0   0   0
2006   4  51  52  53  53  55   0   0   0   0
2005   4  54  53  52  52  54   0   0   0   0
2004   4  61  60  59  61  61   0   0   0   0
2003   4 999 999 999 999 999   0   0   0   0
2001   4 999 999 999 999 999   0   0   0   0
1999   4  49  49  49  49  51  -1  -1  -1   0
1998   4  58  59  59  58  58   0   0   0  -1
1997   4 999 999 999 999 999   0   0   0   0
1996   4 999 999 999 999 999   0   0   0   0
1995   4 999 999 999 999 999   0   0   0   0
1994   4  46  47  47  47  47   0  -1  -1  -1
