Year NDay Positions each day    ; Flags -1=norace, 1=bumped & got bumped
2023   4  22  23  24  25  26   0   0   0   0
2022   4  20  20  21  21  22   0   0   0   0
2019   4  20  20  21  21  20   0   0   0   0
2018   4  17  18  18  19  20   0   0   0   0
2017   4  16  16  16  17  17   0   0   0   0
2016   4  18  18  17  16  16   0   0   0   0
2015   4  21  20  20  19  18   0   0   0   0
2014   4  22  21  21  21  21   0   0   0   0
2013   4  25  24  23  22  22   0   0   0   0
2012   4  26  26  26  25  25   0   0   0   0
2011   4  25  26  26  26  26   0   0   0   0
2010   4  24  23  23  24  25   0   0   0   0
2009   4  23  23  23  24  24   0   0   0   0
2008   4  25  25  25  24  23   0   0   0   0
2007   4  24  25  25  25  25   0   0   0   0
2006   4  24  25  25  24  24   0   0   0   0
2005   4  25  25  24  24  24   0   0   0   0
2004   4  24  23  23  24  25   0   0   0   0
2003   4  29  28  27  26  24   0   0   0   0
2002   4  28  28  28  29  29   0   0   0   0
2001   4  30  30  29  28  28   0   0   0   0
2000   4  28  29  29  29  30   0   0   0   0
1999   4  28  28  28  28  28   0   0   0   0
1998   4  29  29  29  29  28   0   0   0   0
1997   4  32  32  32  31  30   0   0   0   0
1996   4  34  33  33  33  32   0   0   0   0
1995   4  39  38  36  35  34   0   0   0   0
1994   4  40  40  39  39  39   0   0   0   0
1993   4  37  38  39  40  40   0   0   0   0
1992   4  35  35  36  37  37   0   0   0   0
1991   4  37  37  37  36  35   0   0   0   0
1990   4  37  37  37  37  37   0   0   0   0
1989   4  33  34  35  36  37   0   0   0   0
1988   4  34  33  32  32  33   0   0   0   0
1987   4  37  36  36  35  34   0   0   0   0
1986   4  35  34  35  36  37   0   0   0   0
1985   4  32  33  34  34  35   0   0   0   0
1984   4  28  29  30  31  32   0   0   0   0
1983   4  31  32  29  29  28   0   0   0   0
1982   4  30  30  30  30  31   0   0   0   0
1981   4  32  31  31  31  30   0   0   0   0
1980   4  34  34  33  33  32   0   0   0   0
1979   4  38  37  36  35  34   0   0   0   0
1978   4  43  42  39  38  38   0   0   0   0
1977   4  46  45  42  43  43   0   0   0   0
1976   4  50  48  48  47  46   0   0   0   0
1975   4  54  53  52  51  50   0   0   0   0
1974   4  58  57  56  55  54   0   0   0   0
1973   4  60  59  59  58  57   0   0   0   0
1972   4  63  63  62  60  59   0   0   0   0
1971   4  65  65  65  64  63   0   0   0   0
1970   4  61  62  63  64  65   0   0   0   0
1969   4  64  63  62  62  61   0   0   0   0
1968   4  67  66  65  64  64   0   0   0   0
1967   4  70  69  68  67  67   0   0   0   0
1966   4  75  74  72  71  70   0   0   0   0
1965   4  78  79  79  78  79   0   0   0   0
