Year NDay Positions each day    ; Flags -1=norace, 1=bumped & got bumped
2023   4  23  22  21  20  19   0   0   0   0
2022   4  24  24  23  23  23   0   0   0   0
2021   4  20  20  20  20  22   0   0   0   0
2019   4  24  25  24  23  22   0   0   0   0
2018   4  22  23  23  23  24   0  -1   0   0
2017   4  26  26  24  23  22   0   0   0   0
2016   4  30  29  28  27  26   0   0   0   0
2015   4  28  30  30  30  30   0   1   0   0
2013   4  21  23  25  26  28   0   0   0   0
2012   4  17  19  20  21  22   0   0   0   0
2011   4  19  18  17  18  17   0   0   0   0
2010   4  23  22  21  20  19   0   0   0   0
2009   4  24  24  23  23  22   0   0   0   0
2008   4  26  26  26  26  25   0   0   0   0
2006   4  27  28  29  28  27   0   0   0   0
2005   4  27  27  27  26  27   0   0   0   0
2004   4  31  30  29  28  27   0   0   0   0
2003   4  29  30  30  30  30   0   1   0  -1
2001   4 999 999 999 999 999   0   0   0   0
1999   4  30  28  27  29  28   0   0   0   0
1998   4  30  30  30  32  32   0   0   0  -1
1997   4  31  30  29  30  29   0   0   0   0
1996   4  36  34  33  32  31   0   0   0   0
1995   4 999 999 999 999 999   0   0   0   0
1994   4  40  38  38  38  38   0  -1  -1  -1
1993   4  37  37  37  37  37   0   0   0   0
1992   4  43  48  47  46  45   0   0   0   0
1991   4  39  46  47  49  50   0   0   0   0
1989   4  39  39  40  41  40   0   0   0   0
1988   4  43  42  41  41  40   0   0   1   0
1987   4 999 999 999 999 999   0   0   0   0
1986   4 999 999 999 999 999   0   0   0   0
1985   4 999 999 999 999 999   0   0   0   0
1984   4  33  33  33  33  32   0   0   0   0
1983   4  29  30  29  29  29   0   0   0   1
1982   4  29  30  30  31  29   0   0   0   0
