Year NDay Positions each day    ; Flags -1=norace, 1=bumped & got bumped
2023   4  24  23  23  22  22   0   0   0   0
2022   4  20  21  22  23  24   0   0   0   0
2019   4  19  18  18  19  20   0   0   0   0
2018   4  16  17  18  19  19   0   0   0   0
2017   4  19  18  18  17  16   0   0   0   0
2016   4  23  22  21  20  19   0   0   0   0
2015   4  25  24  24  24  23   0   0   0   0
2014   4  24  24  25  24  24   0   0   0   0
2013   4  24  24  23  24  25   0   0   0   0
2012   4  22  22  23  24  24   0   0   0   0
2011   4  25  25  24  23  22   0   0   0   0
2010   4  22  25  26  25  25   0   0   0   0
2009   4  26  25  24  23  22   0   0   0   0
2008   4  30  29  28  27  26   0   0   0   0
2007   4  34  33  32  31  30   0   0   0   0
2006   4  32  32  33  34  34   0   0   0   0
2005   4  29  29  30  31  32   0   0   0   0
2004   4  32  31  30  30  29   0   0   0   0
2003   4  30  30  30  31  32   0   0   0   0
2002   4  29  30  30  30  30   0   0   0   0
2001   4  27  27  28  29  29   0   0   0   0
2000   4  32  30  29  28  27   0   0   0   0
1999   4  34  33  33  33  33   0   0   0   0
1998   4  32  33  33  33  34   0   0   0   0
1997   4  31  31  32  32  32   0   0   0   0
1996   4  33  33  32  32  31   0   0   0   0
1995   4  37  36  35  34  33   0   0   0   0
1994   4  40  39  39  38  37   0   0   0   0
1993   4  42  42  42  42  41   0  -1  -1   0
1992   4  39  39  40  41  42   0   0   0   0
1991   4  36  37  37  38  39   0   0   0   0
1990   4  37  38  37  36  36   0   0   0   0
1989   4  35  35  36  37  37   0   0   0   0
1988   4  39  38  37  36  35   0   0   0   0
1987   4  41  41  41  40  39   0   0   0   0
1986   4  38  39  40  41  42   0   0   0   0
1985   4  35  36  36  37  38   0   0   0   0
1984   4  34  35  35  35  35   0   0   0   0
1983   4  37  38  39  40  40   0   0   0   0
