Year NDay Positions each day    ; Flags -1=norace, 1=bumped & got bumped
2023   4  62  61  60  60  60   0   0   0   0
2022   4  58  59  60  61  62   0   0   0   0
2019   4  56  56  57  57  56   0   0   0   0
2018   4  55  56  59  58  58   0   0   0   0
2017   4  57  57  56  55  55   0   0   0   0
2016   4  62  61  60  60  59   0   0   0   0
2015   4  70  70  67  66  66   0   0   0   0
2014   4  72  73  73  74  74   0   0   0   0
2013   4 999 999 999 999 999   0   0   0   0
2012   4  70  70  71  72  72   0   0   0   0
2011   4 999 999 999 999 999   0   0   0   0
2010   4 999 999 999 999 999   0   0   0   0
2009   4  70  71  72  72  72   0   0   0   0
2008   4 999 999 999 999 999   0   0   0   0
2007   4  71  71  70  70  69   0   0   0   0
2006   4 999 999 999 999 999   0   0   0   0
2005   4  67  67  68  69  69   0   0   0   0
2004   4 999 999 999 999 999   0   0   0   0
2003   4 999 999 999 999 999   0   0   0   0
2002   4  64  65  66  67  68   0   0   0   0
2001   4  68  69  70  70  69   0   0   0   0
2000   4 999 999 999 999 999   0   0   0   0
1999   4  51  51  52  53  54   0   0   0   0
1998   4  56  55  55  55  55   0   0   0   0
1997   4 999 999 999 999 999   0   0   0   0
1996   4 999 999 999 999 999   0   0   0   0
1995   4 999 999 999 999 999   0   0   0   0
1994   4  60  59  60  60  61   0   0   0   0
