Year NDay Positions each day    ; Flags -1=norace, 1=bumped & got bumped
2023   4  25  27  27  29  29   0   0   0   1
2022   4  20  20  22  23  25   0   0   0   0
2021   4  20  20  20  19  18   1   0   0   0
2019   4  19  20  23  24  23   0   0   0   0
2018   4  16  18  18  18  19   0  -1   0   0
2017   4  19  18  17  16  15   0   0   0   0
2016   4  24  23  22  21  20   0   0   0   0
2015   4  30  28  27  26  24   0   0   0   0
2013   4  29  29  28  29  30   0   0   0   0
2012   4  30  30  30  30  29   0   0   0   0
2011   4  32  31  30  30  30   0   0   0   0
2010   4  32  34  33  32  32   0   0   0   0
2009   4  37  35  34  33  32   0   0   0   0
2008   4  31  32  32  37  37   0   0   0   0
2006   4  31  29  29  32  31   0   0   0   0
2005   4  33  32  31  31  31   0   0   0   0
2004   4  28  27  27  30  33   0   0   0   0
2003   4  25  25  28  28  28   0   0   0  -1
2001   4  25  25  24  25  25   0   0   0   0
1999   4  25  24  24  24  24   0   0   0   0
1998   4  29  28  27  26  26   0   0   0  -1
1997   4  32  30  29  29  29   0   0   0   0
1996   4  36  35  34  33  32   0   0   0   0
1995   4 999 999 999 999 999   0   0   0   0
1994   4  38  37  37  37  37   0  -1  -1  -1
1993   4  38  36  37  37  38   0   0   1   0
1992   4  32  33  36  37  38   0   0   0   0
1991   4  35  34  33  32  31   0   0   0   0
1990   4 999 999 999 999 999   0   0   0   0
1989   4  34  34  35  35  35   1   0   1   1
1988   4  38  38  36  35  34   0   0   0   0
1987   4  38  39  38  38  38   0   0   0   1
1986   4  33  36  37  37  38   0   0  -1   0
1985   4  29  31  32  32  33   0   0   0   0
1984   4  27  26  29  28  29   0   1   0   0
1983   4  29  29  28  28  27   0   0   0   0
1982   4  30  29  30  29  29   0   0   0   0
1981   4  31  31  30  30  30   1   0   0   0
1980   4  34  33  32  32  31   0   0   0   0
1979   4  41  39  37  34  34   0   0   0   0
1978   4  36  35  33  40  41   0   0   0   0
1976   4  38  38  37  36  37   0   0   0   0
1975   4  43  41  40  40  38   0   0   0   0
1974   4  46  45  45  45  44   0   0   0   0
1973   4 999 999 999 999 999   0   0   0   0
1972   4 999 999 999 999 999   0   0   0   0
1971   4 999 999 999 999 999   0   0   0   0
1970   4 999 999 999 999 999   0   0   0   0
1969   4  40  39  40  43  44   0   0   0   0
1968   4  39  38  38  38  40   1   0   1   0
1967   4  37  37  37  38  39   0   0   0   0
1966   4  39  37  36  37  38   0   0   0   0
1965   4  39  40  40  40  40   0   0   0   0
