Year NDay Positions each day
1967   4   99 100 100  99  99
1968   4  999 999 999 999 999
1969   4  999 999 999 999 999
1970   4  999 999 999 999 999
1971   4  999 999 999 999 999
1972   4  999 999 999 999 999
1973   4  999 999 999 999 999
1974   4  999 999 999 999 999
1975   4  999 999 999 999 999
1976   4  120 120 118 118 117
1977   4  999 999 999 999 999
1978   4  999 999 999 999 999
1979   4  999 999 999 999 999
1980   4  999 999 999 999 999
1981   4  999 999 999 999 999
1982   4  999 999 999 999 999
1983   4  999 999 999 999 999
1984   4  999 999 999 999 999
1985   4  999 999 999 999 999
1986   4  999 999 999 999 999
1987   4  999 999 999 999 999
1988   4  999 999 999 999 999
1989   4  999 999 999 999 999
1990   4  999 999 999 999 999
1991   4  999 999 999 999 999
1992   4   97  97  97  97  96
1993   4  999 999 999 999 999
1994   4  999 999 999 999 999
1995   4  999 999 999 999 999
1996   4  999 999 999 999 999
1997   4  999 999 999 999 999
1998   4   87  87  86  86  86
1999   4   83  84  85  85  85
2000   4  999 999 999 999 999
2001   4  999 999 999 999 999
2002   4  999 999 999 999 999
2003   4  999 999 999 999 999
2004   4  999 999 999 999 999
2005   4  999 999 999 999 999
2006   4  999 999 999 999 999
2007   4  999 999 999 999 999
2008   4  999 999 999 999 999
2009   4  999 999 999 999 999
2010   4  999 999 999 999 999
2011   4  999 999 999 999 999
2012   4  999 999 999 999 999
2013   4  999 999 999 999 999
2014   4  999 999 999 999 999
2015   4   89  90  91  91  90
2016   4   82  83  84  84  85
