Year NDay Positions each day    ; Flags -1=norace, 1=bumped & got bumped
2023   4  63  64  64  65  66   0   0   0   0
2022   4  67  68  68  68  68   0   0   0   0
2019   4  63  64  65  66  67   0   0   0   0
2018   4  63  64  65  66  67   0   0   0   0
2017   4  65  65  65  65  64   0   0   0   0
2016   4  70  69  68  67  65   0   0   0   0
2015   4  78  73  74  73  72   0   0   0   0
2014   4  84  83  82  81  81   0   0   0   0
2013   4 999 999 999 999 999   0   0   0   0
2012   4 999 999 999 999 999   0   0   0   0
2011   4 999 999 999 999 999   0   0   0   0
2010   4  64  64  65  66  67   0   0   0   0
2009   4  68  67  66  65  64   0   0   0   0
2008   4  71  72  71  70  73   0   0   0   0
2007   4  77  76  76  76  77   0   0   0   0
2006   4  84  84  83  83  82   0   0   0   0
2005   4 999 999 999 999 999   0   0   0   0
2004   4 999 999 999 999 999   0   0   0   0
2003   4  70  69  68  71  70   0   0   0   0
2002   4  70  71  71  72  72   0   0   0   0
2001   4  72  71  70  69  69   0   0   0   0
2000   4  76  76  76  76  77  -1   0   0   0
1999   4  77  77  77  76  76   0   0   0   0
1998   4  81  81  81  82  79   0   0   0   0
1997   4  83  84  85  86  87   0   0   0   0
1996   4  82  83  84  85  86   0   0   0   0
1995   4  87  86  85  85  85   0   0   0   0
1994   4 999 999 999 999 999   0   0   0   0
1993   4 999 999 999 999 999   0   0   0   0
1992   4  92  94  94  93  93   0   0   0   0
1991   4 999 999 999 999 999   0   0   0   0
1990   4 999 999 999 999 999   0   0   0   0
1989   4  83  83  84  85  85   0   0   0   0
1988   4  83  83  84  85  85   0   0   0   0
1987   4  88  88  88  87  86   0   0   0   0
1986   4  90  90  90  91  92   0   0   0   0
1985   4  90  91  92  92  92   0   0   0   0
1984   4  96  95  95  94  93   0   0   0   0
1983   4  95  94  93  92  91   0   0   0   0
1982   4  78  78  78  77  77   0   0   0   0
1981   4 999 999 999 999 999   0   0   0   0
1980   4  98  96  95  94  94   0   0   0   0
1979   4  91  91  90  91  92   0   0   0   0
1978   4 111 111 110 110 110   0   0   0   0
1977   4 107 107 108 109 109   0   0   0   0
1976   4  92  93  94  97  98   0   0   0   0
1975   4  94  94  93  92  92   0   0   0   0
1974   4  95  95  95  96  96   0   0   0   0
1973   4  99  98  97  97  98   0   0   0   0
1972   4 105 104 103 103 102   0   0   0   0
1971   4 105 106 107 108 109   0   0   0   0
1970   4 999 999 999 999 999   0   0   0   0
1969   4  90  91  92  93  94   0   0   0   0
1968   4  88  89  90  91  92   0   0   0   0
1967   4  97  95  94  93  93   0   0   0   0
