Year NDay Positions each day    ; Flags -1=norace, 1=bumped & got bumped
2023   4  68  68  69  70  70   0   0   1   0
2022   4 999 999 999 999 999   0   0   0   0
2021   4  62  62  63  64  63   1   0   0   0
2019   4 999 999 999 999 999   0   0   0   0
2018   4 999 999 999 999 999   0   0   0   0
2017   4  59  58  61  60  60   0   0   0   0
2016   4  59  60  61  62  61   1   0   0   0
2015   4  64  63  62  60  59   0   0   0   0
2013   4 999 999 999 999 999   0   0   0   0
2012   4 999 999 999 999 999   0   0   0   0
2011   4 999 999 999 999 999   0   0   0   0
2010   4 999 999 999 999 999   0   0   0   0
2009   4  66  66  66  68  69   0   0   0   0
2008   4  64  63  64  66  66   0   0   0   0
2006   4  68  69  71  70  71   0   0   0   0
2005   4 999 999 999 999 999   0   0   0   0
2004   4  64  64  65  66  69   1   0   1   0
2003   4  65  64  63  62  62   0   0   0  -1
2001   4  52  52  52  53  53  -1   0   0   0
1999   4  68  68  68  68  66  -1  -1  -1   0
1998   4  69  68  67  71  71   0   0   0  -1
1997   4  82  82  81  80  80   0   0   0   0
1996   4 999 999 999 999 999   0   0   0   0
1995   4 999 999 999 999 999   0   0   0   0
1994   4  75  74  74  74  74   0  -1  -1  -1
1993   4 999 999 999 999 999   0   0   0   0
1992   4  82  83  85  85  85   0   0   0   0
1991   4 999 999 999 999 999   0   0   0   0
1990   4 999 999 999 999 999   0   0   0   0
1989   4 999 999 999 999 999   0   0   0   0
1988   4 999 999 999 999 999   0   0   0   0
1987   4 999 999 999 999 999   0   0   0   0
1986   4 999 999 999 999 999   0   0   0   0
1985   4 999 999 999 999 999   0   0   0   0
1984   4  77  76  75  75  74   0   0   0   0
1983   4 999 999 999 999 999   0   0   0   0
1982   4  69  70  72  73  73   0   0   0   0
1981   4  66  69  70  70  71   0   0   0   0
1980   4  63  63  63  66  68   1   0   0   0
1979   4  59  59  62  64  64   0   0   0   0
1978   4 999 999 999 999 999   0   0   0   0
1976   4 999 999 999 999 999   0   0   0   0
1975   4 999 999 999 999 999   0   0   0   0
1974   4 999 999 999 999 999   0   0   0   0
1973   4 999 999 999 999 999   0   0   0   0
1972   4 999 999 999 999 999   0   0   0   0
1971   4 999 999 999 999 999   0   0   0   0
1970   4 999 999 999 999 999   0   0   0   0
1969   4 999 999 999 999 999   0   0   0   0
1968   4 999 999 999 999 999   0   0   0   0
1967   4  46  48  51  51  51   0   0   0   0
