Year NDay Positions each day    ; Flags -1=norace, 1=bumped & got bumped
2023   4  69  70  70  71  71   0   0   0   0
2022   4  69  69  70  70  69   0   0   0   0
2019   4  67  67  68  69  70   0   0   0   0
2018   4  75  74  74  73  72   0   0   0   0
2017   4 999 999 999 999 999   0   0   0   0
2016   4 999 999 999 999 999   0   0   0   0
2015   4 999 999 999 999 999   0   0   0   0
2014   4  42  43  44  45  46   0   0   0   0
2013   4  39  40  41  42  43   0   0   0   0
2012   4  40  40  39  39  39   0   0   0   0
2011   4  44  43  42  41  40   0   0   0   0
2010   4  46  46  45  44  44   0   0   0   0
2009   4  42  43  44  45  46   0   0   0   0
2008   4  42  42  41  41  42   0   0   0   0
2007   4  38  39  40  41  42   0   0   0   0
2006   4  37  38  38  38  38   0   0   0   0
2005   4 999 999 999 999 999   0   0   0   0
2004   4  29  30  31  32  33   0   0   0   0
2003   4  33  32  31  30  29   0   0   0   0
2002   4  37  36  35  34  34   0   0   0   0
2001   4  40  39  39  38  36   0   0   0   0
2000   4  40  40  39  40  41  -1   0   0   0
1999   4  44  44  43  42  41   0   0   0   0
1998   4  43  43  43  44  45   0   0   0   0
1997   4  49  48  47  46  45   0   0   0   0
1996   4  50  49  49  50  51   0   0   0   0
1995   4  52  52  51  51  52   0   0   0   0
1994   4  59  60  59  58  59   0   0   0   0
1993   4 999 999 999 999 999   0   0   0   0
1992   4 999 999 999 999 999   0   0   0   0
1991   4  56  61  60  60  59   0   0   0   0
