Year NDay Positions each day    Flags -1=norace, 1=bumped & got bumped
1893   6   28  29  29  29  29  29  29   0   0   0   0   0   0
1894   6  999 999 999 999 999 999 999   0   0   0   0   0   0
1896   6  999 999 999 999 999 999 999   0   0   0   0   0   0
1897   6  999 999 999 999 999 999 999   0   0   0   0   0   0
1898   6  999 999 999 999 999 999 999   0   0   0   0   0   0
1899   6  999 999 999 999 999 999 999   0   0   0   0   0   0
1900   6  999 999 999 999 999 999 999   0   0   0   0   0   0
1901   6  999 999 999 999 999 999 999   0   0   0   0   0   0
1902   6  999 999 999 999 999 999 999   0   0   0   0   0   0
1903   6   28  28  28  28  28  28  28   0   0   0   0   0   0
1904   6  999 999 999 999 999 999 999   0   0   0   0   0   0
1905   6  999 999 999 999 999 999 999   0   0   0   0   0   0
1906   6  999 999 999 999 999 999 999   0   0   0   0   0   0
1907   6  999 999 999 999 999 999 999   0   0   0   0   0   0
1908   6  999 999 999 999 999 999 999   0   0   0   0   0   0
1909   6  999 999 999 999 999 999 999   0   0   0   0   0   0
1910   6  999 999 999 999 999 999 999   0   0   0   0   0   0
1911   6  999 999 999 999 999 999 999   0   0   0   0   0   0
1912   6  999 999 999 999 999 999 999   0   0   0   0   0   0
1913   6  999 999 999 999 999 999 999   0   0   0   0   0   0
1914   6  999 999 999 999 999 999 999   0   0   0   0   0   0
1920   6  999 999 999 999 999 999 999   0   0   0   0   0   0
1921   6  999 999 999 999 999 999 999   0   0   0   0   0   0
1922   6  999 999 999 999 999 999 999   0   0   0   0   0   0
1923   6  999 999 999 999 999 999 999   0   0   0   0   0   0
1924   6  999 999 999 999 999 999 999   0   0   0   0   0   0
1925   6  999 999 999 999 999 999 999   0   0   0   0   0   0
1926   6  999 999 999 999 999 999 999   0   0   0   0   0   0
1927   6  999 999 999 999 999 999 999   0   0   0   0   0   0
1928   6  999 999 999 999 999 999 999   0   0   0   0   0   0
1929   4  999 999 999 999 999   0   0   0   0
1930   6  999 999 999 999 999 999 999   0   0   0   0   0   0
1931   6   35  35  36  37  37  37  37   0   0   0   0   0   0
1932   6   36  37  38  39  38  38  37   0   0   0   0   0   0
1933   6   36  36  37  37  38  38  38   0   0   0   0   0   0
1934   6   36  37  37  36  37  36  36   0   0   0   0   0   0
1935   6   36  36  35  34  35  34  33   0   0   0   0   0   0
1936   6   33  34  31  31  31  30  29   0   0   0   0   0   0
1937   6   29  32  33  34  35  35  36   0   0   0   0   0   0
1938   6   36  37  38  39  40  41  42   0   0   0   0   0   0
1939   6   39  38  37  36  35  35  34   0   0   0   0   0   0
1946   6  999 999 999 999 999 999 999   0   0   0   0   0   0
1947   6   37  37  38  38  38  39  39   0   0   0   0   0   0
1948   6   38  38  39  39  38  37  36   0   0   0   0   0   0
1949   4   36  35  34  33  32   0   0   0   0
1950   6   32  32  31  30  29  28  27   0   0   0   0   0   0
1951   6   27  27  26  25  25  25  25   0   0   0   0   0   0
1952   6   25  25  25  24  24  25  25   0   0   0   0   0   0
1953   6   25  25  26  26  24  23  22   0   0   0   0   0   0
1954   6   22  23  24  24  24  24  23   0   0   0   0   0   0
1955   6   23  24  25  26  27  28  29   0   0   0   0   0   0
1956   4   29  29  30  31  32   0   0   0   0
1957   4   32  33  34  35  36   0   0   0   0
1958   4   36  37  38  39  40   0   0   0   0
1959   4   39  38  38  36  35   0   0   0   0
1960   4   34  36  37  38  39   0   0   0   0
1961   4   49  48  49  49  49   0   0   0   0
1962   4   47  47  48  48  48   0   0   0   0
1964   4  999 999 999 999 999   0   0   0   0
1965   4  999 999 999 999 999   0   0   0   0
1966   4   44  44  44  43  43   0   0   0   0
1967   4  999 999 999 999 999   0   0   0   0
1968   4   47  48  49  49  47   1   0   0   0
1969   4   46  47  48  48  48   1   0   0   0
1970   4  999 999 999 999 999   0   0   0   0
1971   4  999 999 999 999 999   0   0   0   0
1972   4  999 999 999 999 999   0   0   0   0
1973   4   46  45  45  45  44   0   0   0   0
1974   4  999 999 999 999 999   0   0   0   0
1975   4   49  48  46  46  45   0   0   0   1
1976   4   45  43  41  40  38   0   0   0   0
1978   4   37  38  38  39  40   0   0   1   0
1979   4   40  44  44  46  46   0   0   0   0
1980   4   46  49  51  52  54   0   0   0   0
1981   4   54  61  62  64  65   0   0   0   0
1982   4   76  75  74  72  72   0   0   0   0
1983   4  999 999 999 999 999   0   0   0   0
1984   4   78  79  80  83  84   0   0   0   0
1985   4   77  76  75  75  76   0   0   1   0
1986   4   70  73  73  73  71   0   0  -1   0
1987   4   70  70  70  73  76   0   1   0   0
1988   4   71  70  68  67  66   0   0   0   0
1989   4  999 999 999 999 999   0   0   0   0
1990   4  999 999 999 999 999   0   0   0   0
1991   4   79  78  77  76  75   0   0   0   0
1992   4   71  70  72  72  71   0   0   0   0
1993   4  999 999 999 999 999   0   0   0   0
1994   4   68  66  66  66  66   0  -1  -1  -1
1995   4  999 999 999 999 999   0   0   0   0
1996   4   65  65  65  64  63   1   1   0   0
1997   4   62  62  60  58  56   0   0   0   0
1998   4   57  57  56  55  55   0   0   0  -1
1999   4   54  53  53  55  55   0   1   0   1
2001   4   48  48  47  48  49  -1   0   1   0
2003   4   54  54  55  55  55   0   0   1  -1
2004   4   57  56  55  54  53   0   0   0   0
2005   4   53  53  54  54  55   0   0   0   0
2006   4   55  55  55  55  54   1   1   1   0
2008   4   52  59  60  61  65   0   0   0   0
2009   4   65  65  65  65  64   0   0   0   0
2010   4   62  62  62  59  59  -1  -1   0   0
2011   4   59  58  56  55  53   0   0   0   0
2012   4   53  52  51  51  52   0   0   0   0
2013   4   51  53  54  55  54   1   0   0   0
2015   4   54  59  60  61  64   0   0   0   0
2016   4   62  59  58  57  56   0   0   0   0
2017   4   54  52  53  54  54   0   0   0   0
2018   4   56  55  55  55  55   0  -1  -1  -1
2019   4   54  53  52  51  50   0   0   0   0
2021   4   45  44  43  42  41   1   0   0   0
2022   4   46  46  49  49  50   0   0   0   0
