Year NDay Positions each day    ; Flags -1=norace, 1=bumped & got bumped
2023   4  58  56  59  61  60   0   0   0   0
2022   4  58  57  57  58  60   0   0   0   0
2021   4 999 999 999 999 999   0   0   0   0
2019   4 999 999 999 999 999   0   0   0   0
2018   4  55  56  56  56  56   0  -1   0  -1
2017   4  60  59  58  61  60   0   0   0   0
2016   4 999 999 999 999 999   0   0   0   0
2015   4 999 999 999 999 999   0   0   0   0
2013   4  45  49  52  51  55   0   0   0   0
2012   4  47  46  46  45  45   0   1   0   0
2011   4  51  51  50  50  48   1   0   0   0
2010   4  57  57  57  56  58  -1  -1   0   0
2009   4 999 999 999 999 999   0   0   0   0
2008   4 999 999 999 999 999   0   0   0   0
2006   4  37  38  37  39  42   0   0   0   0
2005   4 999 999 999 999 999   0   0   0   0
2004   4  24  25  27  31  31   0   0   0   0
2003   4  24  24  23  23  23   1   0   1  -1
2001   4  28  28  27  26  23  -1   0   0   0
1999   4  37  36  34  34  35   0   0   0   0
1998   4  40  39  41  40  40   0   0   0  -1
1997   4  41  42  41  40  39   0   0   0   0
1996   4  44  43  42  42  42   0   0   0   0
