Year NDay Positions each day    Flags -1=norace, 1=bumped & got bumped
1935   6   45  45  45  45  45  45  45   0   0   0   0   0   0
1936   6  999 999 999 999 999 999 999   0   0   0   0   0   0
1937   6  999 999 999 999 999 999 999   0   0   0   0   0   0
1938   6  999 999 999 999 999 999 999   0   0   0   0   0   0
1939   6  999 999 999 999 999 999 999   0   0   0   0   0   0
1940   4  999 999 999 999 999   0   0   0   0
1946   6  999 999 999 999 999 999 999   0   0   0   0   0   0
1947   6  999 999 999 999 999 999 999   0   0   0   0   0   0
1948   6  999 999 999 999 999 999 999   0   0   0   0   0   0
1949   4  999 999 999 999 999   0   0   0   0
1950   6  999 999 999 999 999 999 999   0   0   0   0   0   0
1951   6  999 999 999 999 999 999 999   0   0   0   0   0   0
1952   6  999 999 999 999 999 999 999   0   0   0   0   0   0
1953   6  999 999 999 999 999 999 999   0   0   0   0   0   0
1954   6  999 999 999 999 999 999 999   0   0   0   0   0   0
1955   6  999 999 999 999 999 999 999   0   0   0   0   0   0
1956   4  999 999 999 999 999   0   0   0   0
1957   4  999 999 999 999 999   0   0   0   0
1958   4  999 999 999 999 999   0   0   0   0
1959   4  999 999 999 999 999   0   0   0   0
1960   4  999 999 999 999 999   0   0   0   0
1961   4  999 999 999 999 999   0   0   0   0
1962   4  999 999 999 999 999   0   0   0   0
1964   4  999 999 999 999 999   0   0   0   0
1965   4  999 999 999 999 999   0   0   0   0
1966   4  999 999 999 999 999   0   0   0   0
1967   4  999 999 999 999 999   0   0   0   0
1968   4  999 999 999 999 999   0   0   0   0
1969   4   46  47  48  48  48   0   0   0   0
1970   4  999 999 999 999 999   0   0   0   0
1971   4  999 999 999 999 999   0   0   0   0
1972   4  999 999 999 999 999   0   0   0   0
1973   4  999 999 999 999 999   0   0   0   0
1974   4  999 999 999 999 999   0   0   0   0
1975   4  999 999 999 999 999   0   0   0   0
1976   4  999 999 999 999 999   0   0   0   0
1978   4  999 999 999 999 999   0   0   0   0
1979   4  999 999 999 999 999   0   0   0   0
1980   4  999 999 999 999 999   0   0   0   0
1981   4  999 999 999 999 999   0   0   0   0
1982   4  999 999 999 999 999   0   0   0   0
1983   4  999 999 999 999 999   0   0   0   0
1984   4  999 999 999 999 999   0   0   0   0
1985   4  999 999 999 999 999   0   0   0   0
1986   4   81  82  82  82  84   0   0   0   0
1987   4  999 999 999 999 999   0   0   0   0
1988   4  999 999 999 999 999   0   0   0   0
1989   4  999 999 999 999 999   0   0   0   0
1990   4  999 999 999 999 999   0   0   0   0
1991   4  999 999 999 999 999   0   0   0   0
1992   4   83  82  81  80  79   0   0   0   0
1993   4  999 999 999 999 999   0   0   0   0
1994   4   72  71  71  71  71   0   0   0   0
1995   4   71  71  71  71  71   0   0   0   0
1996   4  999 999 999 999 999   0   0   0   0
1997   4   81  80  79  79  79   0   0   0   0
1998   4  999 999 999 999 999   0   0   0   0
1999   4  999 999 999 999 999   0   0   0   0
2001   4  999 999 999 999 999   0   0   0   0
2003   4  999 999 999 999 999   0   0   0   0
2004   4  999 999 999 999 999   0   0   0   0
2005   4   70  69  69  68  69   0   0   0   0
2006   4  999 999 999 999 999   0   0   0   0
2008   4  999 999 999 999 999   0   0   0   0
2009   4  999 999 999 999 999   0   0   0   0
2010   4  999 999 999 999 999   0   0   0   0
2011   4   72  73  73  73  72   0   0   0   0
2012   4  999 999 999 999 999   0   0   0   0
2013   4  999 999 999 999 999   0   0   0   0
2015   4  999 999 999 999 999   0   0   0   0
2016   4  999 999 999 999 999   0   0   0   0
2017   4  999 999 999 999 999   0   0   0   0
2018   4   71  69  69  69  69   0  -1  -1  -1
