Year NDay Positions each day    ; Flags -1=norace, 1=bumped & got bumped
2023   4  32  32  33  33  33   0   0   0   0
2022   4  29  30  32  33  32   0   0   0   0
2021   4  32  31  30  29  27   0   0   0   0
2019   4  30  29  32  34  34   0   0   0   0
2018   4  32  31  31  31  30   0  -1   0   0
2017   4  34  33  32  32  32   0   0   0   0
2016   4  28  30  32  32  34   0   0   0   0
2015   4  25  26  25  27  28   0   0   0   0
2013   4  17  20  22  25  25   0   0   0   0
2012   4  20  20  19  18  17   0   0   0   0
2011   4  23  21  19  19  20   0   0   0   0
2010   4  18  19  22  23  23   0   0   0   0
2009   4  12  12  11  13  17   0   0   0   0
2008   4   8   8   9  12  13   0   0   0   0
2006   4   5   6   6   7   8   0   1   0   0
2005   4   1   2   3   4   5   0   0   0   0
2004   4   1   1   1   1   1   0   0   0   0
2003   4   3   2   1   1   1   0   0   0  -1
2001   4   8   6   5   4   3   0   0   0   0
1999   4  15  14  12  11  10   0   0   0   0
1998   4  17  17  16  15  15   0   0   0  -1
1997   4  19  18  17  16  16   0   0   0   0
1996   4  24  23  22  21  20   0   0   0   0
1995   4 999 999 999 999 999   0   0   0   0
1994   4  26  24  24  24  24   0  -1  -1  -1
1993   4  28  27  26  25  26   0   0   0   0
1992   4  32  31  30  29  28   0   0   0   0
1991   4  38  36  35  33  32   0   0   0   0
1989   4  42  42  41  40  39   0   0   0   0
1988   4  40  41  46  45  44   0   0   0   0
1987   4  32  33  36  37  41   0   0   0   0
1986   4  32  33  33  33  32   0   0  -1   0
1985   4  33  36  37  36  35   0   0   0   0
1984   4  37  37  36  37  37   0   0   0   0
1983   4  33  33  32  32  32   0   0   0   0
