Year NDay Positions each day    ; Flags -1=norace, 1=bumped & got bumped
2023   4  55  56  56  56  56   0   0   0   0
2022   4  62  61  60  59  58   0   0   0   0
2019   4  69  65  64  63  62   0   0   0   0
2018   4  77  77  76  75  74   0   0   0   0
2017   4  73  78  79  80  81   0   0   0   0
2016   4  73  72  72  73  74   0   0   0   0
2015   4  74  75  76  77  76   0   0   0   0
2014   4  72  72  73  74  75   0   0   0   0
2013   4  74  74  74  75  76   0   0   0   0
2012   4  77  76  76  76  76   0   0   0   0
2011   4  81  82  83  84  83   0   0   0   0
2010   4 999 999 999 999 999   0   0   0   0
2009   4 999 999 999 999 999   0   0   0   0
2008   4 999 999 999 999 999   0   0   0   0
2007   4 999 999 999 999 999   0   0   0   0
2006   4  70  70  69  69  68   0   0   0   0
2005   4  75  75  74  72  72   0   0   0   0
2004   4  81  82  82  83  84   0   0   0   0
2003   4 999 999 999 999 999   0   0   0   0
2002   4  62  62  63  64  65   0   0   0   0
2001   4  57  58  61  60  61   0   0   0   0
2000   4  61  61  60  59  58  -1   0   0   0
1999   4  63  62  62  62  61   0   0   0   0
1998   4  60  61  61  62  63   0   0   0   0
1997   4  59  60  61  61  62   0   0   0   0
1996   4  64  61  60  59  59   0   0   0   0
1995   4  58  61  61  62  63   0   0   0   0
1994   4  54  55  56  57  58   0   0   0   0
1993   4  56  55  55  55  54   0  -1  -1   0
1992   4  54  54  55  55  56   0   0   0   0
1991   4  53  53  53  53  54   0   0   0   0
1990   4  51  51  51  51  52   0   0   0   0
1989   4  54  53  53  52  51   0   0   0   0
1988   4  55  56  56  55  54   0   0   0   0
1987   4  59  58  57  56  55   0   0   0   0
1986   4  64  63  62  60  59   0   0   0   0
1985   4  71  68  67  67  64   0   0   0   0
1984   4  74  73  72  71  71   0   0   0   0
1983   4  77  78  78  77  77   0   0   0   0
1982   4 102 101 102 102 101   0   0   0   0
1981   4  86  86  86  89  89   0   0   0   0
1980   4  72  73  73  74  75   0   0   0   0
1979   4  72  73  73  72  72   0   0   0   0
1978   4  72  71  71  71  72   0   0   0   0
1977   4  78  78  75  74  72   0   0   0   0
1976   4  87  86  80  79  78   0   0   0   0
1975   4  90  89  88  87  87   0   0   0   0
1974   4  88  89  90  91  91   0   0   0   0
1973   4  93  94  93  92  91   0   0   0   0
1972   4 101  98  96  95  94   0   0   0   0
1971   4 107 107 106 105 104   0   0   0   0
1970   4 999 999 999 999 999   0   0   0   0
1969   4 999 999 999 999 999   0   0   0   0
1968   4  68  69  69  68  68   0   0   0   0
1967   4  74  74  70  69  68   0   0   0   0
1966   4  72  72  73  73  74   0   0   0   0
1965   4  70  71  72  73  74   0   0   0   0
1964   4  72  71  71  71  71   0   0   0   0
1963   4  77  77  76  75  74   0   0   0   0
1962   4  83  83  82  81  80   0   0   0   0
1961   4 999 999 999 999 999   0   0   0   0
1960   4  77  76  75  74  74   0   0   0   0
1959   4 999 999 999 999 999   0   0   0   0
1958   4  81  81  82  83  84   0   0   0   0
1957   4 999 999 999 999 999   0   0   0   0
1956   4 999 999 999 999 999   0   0   0   0
1955   4  48  49  50  51  52   0   0   0   0
1954   4  44  45  46  47  48   0   0   0   0
1953   6  50  49  48  47  46  45  44   0   0   0   0   0   0
1952   6  47  48  49  49  50  50  50   0   0   0   0   0   0
1951   6  41  42  43  44  45  46  47   0   0   0   0   0   0
1950   6  39  39  40  40  41  41  41   0   0   0   0   0   0
1949   6  44  43  42  42  41  40  39   0   0   0   0   0   0
1948   6  52  51  50  46  45  45  44   0   0   0   0   0   0
1947   6  60  60  55  55  54  53  52   0   0   0   0   0   0
1946   6 999 999 999 999 999 999 999   0   0   0   0   0   0
1938   6  37  38  38  39  40  41  42   0   0   0   0   0   0
1937   6  31  32  33  34  35  36  37   0   0   0   0   0   0
1936   6  38  36  35  34  33  32  31   0   0   0   0   0   0
1935   6  40  41  40  40  39  38  38   0   0   0   0   0   0
1934   6  44  44  43  42  42  42  41   0   0   0   0   0   0
1933   6  51  51  50  48  47  46  45   0   0   0   0   0   0
1932   6 999 999 999 999 999 999 999   0   0   0   0   0   0
1931   6 999 999 999 999 999 999 999   0   0   0   0   0   0
1930   6 999 999 999 999 999 999 999   0   0   0   0   0   0
1929   6  42  42  41  40  40  39  38   0   0   0   0   0   0
1928   6 999 999 999 999 999 999 999   0   0   0   0   0   0
1927   6 999 999 999 999 999 999 999   0   0   0   0   0   0
1926   4 999 999 999 999 999   0   0   0   0
1925   6 999 999 999 999 999 999 999   0   0   0   0   0   0
1924   6 999 999 999 999 999 999 999   0   0   0   0   0   0
1923   6 999 999 999 999 999 999 999   0   0   0   0   0   0
1922   6 999 999 999 999 999 999 999   0   0   0   0   0   0
1921   6 999 999 999 999 999 999 999   0   0   0   0   0   0
1920   6  30  29  28  27  27  27  26   0   0   0   0   0   0
