Year NDay Positions each day    ; Flags -1=norace, 1=bumped & got bumped
2023   4  73  73  72  71  71   0   0   0   0
2022   4  85  85  85  85  85   0   0   0   0
2019   4 999 999 999 999 999   0   0   0   0
2018   4 999 999 999 999 999   0   0   0   0
2017   4 999 999 999 999 999   0   0   0   0
2016   4 999 999 999 999 999   0   0   0   0
2015   4  90  89  88  87  86   0   0   0   0
2014   4 999 999 999 999 999   0   0   0   0
2013   4  83  84  85  86  87   0   0   0   0
2012   4 999 999 999 999 999   0   0   0   0
2011   4 999 999 999 999 999   0   0   0   0
2010   4 999 999 999 999 999   0   0   0   0
2009   4 999 999 999 999 999   0   0   0   0
2008   4 999 999 999 999 999   0   0   0   0
2007   4 999 999 999 999 999   0   0   0   0
2006   4 999 999 999 999 999   0   0   0   0
2005   4 999 999 999 999 999   0   0   0   0
2004   4 999 999 999 999 999   0   0   0   0
2003   4 999 999 999 999 999   0   0   0   0
2002   4  85  85  84  83  83   0   0   0   0
2001   4 999 999 999 999 999   0   0   0   0
2000   4  86  86  86  87  87  -1  -1   0   0
1999   4  95  96  94  93  92   0   0   0   0
1998   4 999 999 999 999 999   0   0   0   0
1997   4  79  79  78  78  77   0   0   0   0
1996   4  75  78  77  80  79   0   0   0   0
1995   4  72  73  73  74  75   0   0   0   0
1994   4  69  70  71  72  73   0   0   0   0
1993   4  70  69  69  69  69   0  -1  -1   0
1992   4  74  72  71  70  70   0   0   0   0
1991   4  70  71  72  73  74   0   0   0   0
1990   4  72  72  71  70  69   0   0   0   0
1989   4  76  75  74  72  73   0   0   0   0
1988   4  75  76  77  77  77   0   0   0   0
1987   4  81  80  79  78  77   0   0   0   0
1986   4  83  83  84  84  83   0   0   0   0
1985   4  83  84  84  83  83   0   0   0   0
1984   4  87  86  86  86  86   0   0   0   0
1983   4  87  88  89  89  90   0   0   0   0
1982   4 999 999 999 999 999   0   0   0   0
1981   4 999 999 999 999 999   0   0   0   0
1980   4 121 121 120 120 120   0   0   0   0
1979   4 999 999 999 999 999   0   0   0   0
1978   4 999 999 999 999 999   0   0   0   0
1977   4 999 999 999 999 999   0   0   0   0
1976   4  98  98  98  98  96   0   0   0   0
1975   4  92  93  94  95  96   0   0   0   0
1974   4  99  97  96  95  94   0   0   0   0
1973   4 101 102 103 104 105   0   0   0   0
1972   4 106 107 106 105 104   0   0   0   0
1971   4 108 109 110 110 110   0   0   0   0
1970   4 999 999 999 999 999   0   0   0   0
1969   4 999 999 999 999 999   0   0   0   0
1968   4 999 999 999 999 999   0   0   0   0
1967   4 999 999 999 999 999   0   0   0   0
1966   4 999 999 999 999 999   0   0   0   0
1965   4 999 999 999 999 999   0   0   0   0
1964   4 999 999 999 999 999   0   0   0   0
1963   4 999 999 999 999 999   0   0   0   0
1962   4 999 999 999 999 999   0   0   0   0
1961   4 999 999 999 999 999   0   0   0   0
1960   4  82  81  80  79  79   0   0   0   0
1959   4 999 999 999 999 999   0   0   0   0
1958   4 999 999 999 999 999   0   0   0   0
1957   4 999 999 999 999 999   0   0   0   0
1956   4 999 999 999 999 999   0   0   0   0
1955   4 999 999 999 999 999   0   0   0   0
1954   4  63  62  60  59  58   0   0   0   0
1953   6  57  58  59  60  61  62  63   0   0   0   0   0   0
1952   6  62  61  60  59  58  57  57   0   0   0   0   0   0
1951   6  68  67  66  65  64  63  62   0   0   0   0   0   0
1950   6  74  72  71  71  70  69  68   0   0   0   0   0   0
1949   6  75  75  75  75  74  74  75   0   0   0   0   0   0
1948   6 999 999 999 999 999 999 999   0   0   0   0   0   0
1947   6 999 999 999 999 999 999 999   0   0   0   0   0   0
1946   6 999 999 999 999 999 999 999   0   0   0   0   0   0
1938   6 999 999 999 999 999 999 999   0   0   0   0   0   0
1937   6 999 999 999 999 999 999 999   0   0   0   0   0   0
1936   6  53  53  54  55  55  54  53   0   0   0   0   0   0
1935   6  57  56  57  57  58  55  54   0   0   0   0   0   0
