Year NDay Positions each day    ; Flags -1=norace, 1=bumped & got bumped
2023   4  41  40  39  39  40   0   0   0   1
2022   4  45  44  43  42  41   0   0   0   0
2021   4  43  42  42  41  40   0   1   0   0
2019   4  41  41  43  47  48   1   0   0   0
2018   4  41  41  41  41  41   0  -1   0  -1
2017   4  39  40  39  41  40   0   0   0   0
2016   4  35  37  38  39  40   0   0   0   1
2015   4  35  35  36  35  35   1   0   0   0
2013   4  35  34  36  35  35   0   0   0   0
2012   4  37  37  37  36  35   0   0   0   0
2011   4  34  37  36  37  37   0   0   0   0
2010   4  36  35  35  34  34   0   0   0   0
2009   4  36  36  36  36  36   1   0   0   0
2008   4  36  37  36  36  36   0   0   1   0
2006   4  39  38  37  37  36   0   0   0   0
2005   4  39  39  40  40  39   0   0   0   0
2004   4  41  40  40  39  39   0   0   0   0
2003   4  39  39  38  41  41   0   0   0  -1
2001   4  38  38  38  37  37  -1   1   0   0
1999   4  31  34  37  39  41   0   0   0   0
1998   4  36  34  33  32  32   0   0   0  -1
1997   4  36  34  34  37  35   0   1   0   0
1996   4  33  34  36  35  36   0   0   0   0
1995   4 999 999 999 999 999   0   0   0   0
1994   4  31  34  34  34  34   0  -1  -1  -1
1993   4  31  31  31  30  31   0   0   0   0
1992   4  29  28  29  31  31   0   0   0   0
1991   4  27  28  28  28  28   0   0   0   0
1990   4 999 999 999 999 999   0   0   0   0
1989   4  31  30  29  28  27   0   0   0   0
1988   4  37  35  34  33  31   0   0   0   0
1987   4  39  38  35  33  37   0   0   0   0
1986   4  42  41  40  40  39   0   0  -1   0
1985   4  43  43  42  42  41   0   0   0   0
1984   4  47  46  44  43  42   0   0   0   0
1983   4  45  47  46  45  47   0   0   0   0
1982   4  47  46  46  46  45   0   1   0   0
1981   4  49  50  49  48  47   0   0   0   0
1980   4  47  46  49  50  49   0   0   0   0
1979   4  45  46  49  48  47   0   0   0   0
1978   4  40  39  40  45  45   0   0   0   0
1976   4  41  39  40  41  41   0   0   0   0
1975   4  45  42  41  41  41   0   0   0   0
1974   4  48  47  47  47  47   0   0   0   0
1973   4 999 999 999 999 999   0   0   0   0
1972   4  45  43  41  40  40   0   0   0   0
1971   4  47  44  47  50  50   0   0   0   0
1970   4 999 999 999 999 999   0   0   0   0
1969   4  33  32  32  32  33   0   0   0   0
1968   4  36  35  35  34  33   0   1   0   0
1967   4  34  35  35  35  36   0   0   0   0
1966   4  31  32  33  32  34   0   0   0   0
1965   4  30  31  31  31  31   0   0   0   0
1964   4  32  32  32  32  31   0   0   0   0
1962   4  34  33  33  32  32   0   0   0   0
1961   4  36  34  34  34  34   0   0   0   0
1960   4  38  38  38  37  36   0   0   0   0
1959   4  47  47  46  45  44   0   0   0   0
1958   4  52  51  50  48  48   0   0   0   0
1957   4 999 999 999 999 999   0   0   0   0
1956   4  48  49  50  51  51   0   0   0   0
1955   6 999 999 999 999 999 999 999   0   0   0   0   0   0
1954   6  25  26  27  28  27  27  28   0   0   0   0   0   0
1953   6  21  22  22  22  23  24  25   0   0   0   0   0   0
1952   6  23  22  22  23  23  22  21   0   0   0   0   0   0
1951   6  24  23  22  22  22  22  23   0   0   0   0   0   0
1950   6  21  22  23  24  24  24  24   0   0   0   0   0   0
1949   4  22  21  21  21  21   0   0   0   0
1948   6  26  24  23  22  22  22  22   0   0   0   0   0   0
1947   6  32  31  30  29  28  27  26   0   0   0   0   0   0
1946   6 999 999 999 999 999 999 999   0   0   0   0   0   0
1938   6  20  21  22  23  24  25  26   0   0   0   0   0   0
1937   6  20  20  21  21  20  20  20   0   0   0   0   0   0
1936   6  23  22  23  22  21  20  20   0   0   0   0   0   0
1935   6  26  25  24  24  23  23  23   0   0   0   0   0   0
1934   6  26  26  26  26  26  25  26   0   0   0   0   0   0
1933   6  27  27  28  28  27  26  26   0   0   0   0   0   0
1932   6  24  24  25  26  26  26  27   0   0   0   0   0   0
1931   6  18  19  20  21  22  23  24   0   0   0   0   0   0
1930   6  20  20  19  18  18  18  18   0   0   0   0   0   0
1929   4  17  18  19  20  20   0   0   0   0
1928   6  16  16  16  16  16  17  17   0   0   0   0   0   0
1927   6  16  16  16  17  17  16  16   0   0   0   0   0   0
1926   6  17  18  19  19  18  17  16   0   0   0   0   0   0
1925   6  19  18  18  17  17  17  17   0   0   0   0   0   0
1924   6  13  14  15  16  17  18  19   0   0   0   0   0   0
1923   6   7   8   9  10  11  12  13   0   0   0   0   0   0
1922   6  13  11  10   9   9   8   7   0   0   0   0   0   0
1921   6  10  10  11  12  12  12  13   0   0   0   0   0   0
1920   6  12  12  12  11  11  11  10   0   0   0   0   0   0
1914   6   8   8   8   9  10  11  12   0   0   0   0   0   0
1913   6  12  12  12  10   9   8   8   0   0   0   0   0   0
1912   6  15  15  14  14  13  13  12   0   0   0   0   0   0
1911   6  19  18  17  16  16  15  15   0   0   0   0   0   0
1910   6  13  14  15  16  17  18  19   0   0   0   0   0   0
1909   6  12  12  13  13  13  13  13   0   0   0   0   0   0
1908   6  10  10  11  12  13  12  12   0   0   0   0   0   0
1907   6   6   7   8   9  10  10  10   0   0   0   0   0   0
1906   6   6   7   7   7   7   6   6   0   0   0   0   0   0
1905   6   8   8   7   6   6   6   6   0   0   0   0   0   0
1904   6  13  12  11   9   8   8   8   0   0   0   0   0   0
1903   6  12  12  13  14  14  14  13   0   0   0   0   0   0
1902   6  15  15  14  13  13  13  12   0   0   0  -1   0   0
1901   6  14  14  14  14  14  14  15   0   0   0   0   0   0
1900   6  12  13  14  14  14  14  14   0   0   0   0   0   0
1899   6  14  14  13  13  13  12  12   0   0   0   0   0   0
1898   6   8   9  10  11  12  13  14   0   0   0   0   0   0
1897   6  10  10   9   8   8   8   8   0   0   0   0   0   0
1896   6  14  13  12  12  11  10  10   0   0   0   0   0   0
1894   6  18  17  17  16  15  15  14   0   0   0   0   0   0
1893   6  13  14  15  16  17  17  18   0   0   0   0   0   0
1892   6  14  14  14  14  13  13  13   0   0   0   0   0   0
1891   6  16  14  14  14  14  14  14   0   0   0   0   0   0
1890   6  20  20  19  18  17  16  16   0   0   0   0   0   0
1889   6  26  25  24  23  22  21  20   0   0   0   0   0   0
1888   6  24  24  24  25  25  26  26   0   0   0   0   0   0
1887   6  24  24  24  24  23  23  24   0   0   0   0   0   0
1886   6  23  23  24  24  24  24  24   0   0   0   0   0   0
1885   6  20  21  21  22  23  23  23   0   0   0   0   0   0
1884   6  23  22  21  20  20  20  20   0   0   0   0   0   0
1883   6 999 999 999 999 999 999 999   0   0   0   0   0   0
1882   6  13  13  14  15  16  17  18   0   0   0   0   0   0
1881   6  15  15  15  14  13  13  13   0   0   0   0   0   0
1880   6  20  19  18  17  17  16  15   0   0   0   0   0   0
1879   6  25  24  24  24  24  23  22   0   0   0   0   0   0
