Year NDay Positions each day    ; Flags -1=norace, 1=bumped & got bumped
2023   4  62  60  60  59  58   0   0   0   0
2022   4  67  67  66  65  65   0   0   0   1
2021   4  60  63  62  62  61   0   0   0   0
2019   4 999 999 999 999 999   0   0   0   0
2018   4 999 999 999 999 999   0   0   0   0
2017   4 999 999 999 999 999   0   0   0   0
2016   4 999 999 999 999 999   0   0   0   0
2015   4 999 999 999 999 999   0   0   0   0
2013   4 999 999 999 999 999   0   0   0   0
2012   4  71  70  71  71  71   0   0   0   0
2011   4 999 999 999 999 999   0   0   0   0
2010   4 999 999 999 999 999   0   0   0   0
2009   4 999 999 999 999 999   0   0   0   0
2008   4 999 999 999 999 999   0   0   0   0
2006   4 999 999 999 999 999   0   0   0   0
2005   4 999 999 999 999 999   0   0   0   0
2004   4 999 999 999 999 999   0   0   0   0
2003   4 999 999 999 999 999   0   0   0   0
2001   4 999 999 999 999 999   0   0   0   0
1999   4 999 999 999 999 999   0   0   0   0
1998   4 999 999 999 999 999   0   0   0   0
1997   4 999 999 999 999 999   0   0   0   0
1996   4  62  71  72  73  75   0   0   0   0
1995   4 999 999 999 999 999   0   0   0   0
1994   4  64  63  63  63  63   0  -1  -1  -1
1993   4 999 999 999 999 999   0   0   0   0
1992   4  52  52  61  61  63   0   0   0   0
1991   4  56  55  53  52  52   0   0   0   0
1990   4 999 999 999 999 999   0   0   0   0
1989   4  62  60  58  56  55   0   0   0   0
1988   4  67  66  65  64  62   0   0   0   0
1987   4  66  65  65  64  68   0   0   0   0
1986   4  71  70  69  69  67   0   0  -1   0
1985   4  82  81  79  78  77   0   0   0   0
1984   4 999 999 999 999 999   0   0   0   0
1983   4  66  68  68  67  66   0   0   0   0
1982   4 999 999 999 999 999   0   0   0   0
1981   4  80  81  81  80  80   0   0   0   0
1980   4 999 999 999 999 999   0   0   0   0
1979   4 999 999 999 999 999   0   0   0   0
1978   4 999 999 999 999 999   0   0   0   0
1976   4 999 999 999 999 999   0   0   0   0
1975   4 999 999 999 999 999   0   0   0   0
1974   4 999 999 999 999 999   0   0   0   0
1973   4 999 999 999 999 999   0   0   0   0
1972   4 999 999 999 999 999   0   0   0   0
1971   4 999 999 999 999 999   0   0   0   0
1970   4 999 999 999 999 999   0   0   0   0
1969   4 999 999 999 999 999   0   0   0   0
1968   4 999 999 999 999 999   0   0   0   0
1967   4 999 999 999 999 999   0   0   0   0
1966   4 999 999 999 999 999   0   0   0   0
1965   4 999 999 999 999 999   0   0   0   0
1964   4 999 999 999 999 999   0   0   0   0
1962   4 999 999 999 999 999   0   0   0   0
1961   4 999 999 999 999 999   0   0   0   0
1960   4  45  45  45  45  43   0   0   0   0
1959   4 999 999 999 999 999   0   0   0   0
1958   4 999 999 999 999 999   0   0   0   0
1957   4 999 999 999 999 999   0   0   0   0
1956   4 999 999 999 999 999   0   0   0   0
1955   6 999 999 999 999 999 999 999   0   0   0   0   0   0
1954   6 999 999 999 999 999 999 999   0   0   0   0   0   0
1953   6  39  40  41  42  43  43  44   0   0   0   0   0   0
1952   6  42  41  40  39  38  38  39   0   0   0   0   0   0
1951   6  37  38  39  40  41  42  43   0   0   0   0   0   0
1950   6  42  42  42  41  40  39  37   0   0   0   0   0   0
1949   4  42  42  42  42  43   0   0   0   0
1948   6  43  42  41  41  41  42  42   0   0   0   0   0   0
1947   6 999 999 999 999 999 999 999   0   0   0   0   0   0
1946   6 999 999 999 999 999 999 999   0   0   0   0   0   0
1938   6 999 999 999 999 999 999 999   0   0   0   0   0   0
1937   6  35  35  35  36  36  37  37   0   0   0   0   0   0
1936   6  35  35  36  37  36  36  35   0   0   0   0   0   0
1935   6  37  38  37  36  36  36  35   0   0   0   0   0   0
1934   6  37  36  36  37  36  37  37   0   0   0   0   0   0
1933   6 999 999 999 999 999 999 999   0   0   0   0   0   0
1932   6 999 999 999 999 999 999 999   0   0   0   0   0   0
1931   6 999 999 999 999 999 999 999   0   0   0   0   0   0
1930   6 999 999 999 999 999 999 999   0   0   0   0   0   0
1929   4 999 999 999 999 999   0   0   0   0
1928   6 999 999 999 999 999 999 999   0   0   0   0   0   0
1927   6 999 999 999 999 999 999 999   0   0   0   0   0   0
1926   6 999 999 999 999 999 999 999   0   0   0   0   0   0
1925   6  36  35  35  36  35  35  35   0   0   0   0   0   0
1924   6 999 999 999 999 999 999 999   0   0   0   0   0   0
1923   6 999 999 999 999 999 999 999   0   0   0   0   0   0
1922   6 999 999 999 999 999 999 999   0   0   0   0   0   0
1921   6 999 999 999 999 999 999 999   0   0   0   0   0   0
1920   6 999 999 999 999 999 999 999   0   0   0   0   0   0
1914   6 999 999 999 999 999 999 999   0   0   0   0   0   0
1913   6 999 999 999 999 999 999 999   0   0   0   0   0   0
1912   6 999 999 999 999 999 999 999   0   0   0   0   0   0
1911   6 999 999 999 999 999 999 999   0   0   0   0   0   0
1910   6 999 999 999 999 999 999 999   0   0   0   0   0   0
1909   6  33  32  32  31  30  29  29   0   0   0   0   0   0
1908   6 999 999 999 999 999 999 999   0   0   0   0   0   0
1907   6 999 999 999 999 999 999 999   0   0   0   0   0   0
1906   6 999 999 999 999 999 999 999   0   0   0   0   0   0
1905   6 999 999 999 999 999 999 999   0   0   0   0   0   0
1904   6 999 999 999 999 999 999 999   0   0   0   0   0   0
1903   6 999 999 999 999 999 999 999   0   0   0   0   0   0
1902   6 999 999 999 999 999 999 999   0   0   0   0   0   0
1901   6  30  29  28  27  27  27  27   0   0   0   0   0   0
1900   6 999 999 999 999 999 999 999   0   0   0   0   0   0
1899   6 999 999 999 999 999 999 999   0   0   0   0   0   0
1898   6  25  24  24  23  22  22  20   0   0   0   0   0   0
1897   6  29  29  28  27  27  26  25   0   0   0   0   0   0
1896   6  27  28  29  30  30  30  29   0   0   0   0   0   0
1894   6  31  31  30  29  29  29  28   0   0   0   0   0   0
