Year NDay Positions each day    ; Flags -1=norace, 1=bumped & got bumped
2023   4  49  50  51  52  53   0   0   0   0
2022   4  48  49  49  48  49   0   0   0   0
2019   4  42  43  44  45  46   0   0   0   0
2018   4  46  45  44  43  42   0   0   0   0
2017   4  46  47  48  48  47   0   0   0   0
2016   4  48  49  49  48  47   0   0   0   0
2015   4  47  48  49  48  48   0   0   0   0
2014   4  50  49  48  48  47   0   0   0   0
2013   4  52  53  54  54  52   0   0   0   0
2012   4  58  57  56  52  52   0   0   0   0
2011   4  61  61  60  59  58   0   0   0   0
2010   4  68  68  68  68  67   0   0   0   0
2009   4 999 999 999 999 999   0   0   0   0
2008   4  48  49  50  51  52   0   0   0   0
2007   4  48  49  49  48  47   0   0   0   0
2006   4  54  54  53  52  51   0   0   0   0
2005   4  52  52  53  54  54   0   0   0   0
2004   4  53  52  51  51  51   0   0   0   0
2003   4  59  56  57  57  56   0   0   0   0
2002   4  68  68  67  66  65   0   0   0   0
2001   4 999 999 999 999 999   0   0   0   0
2000   4  37  37  37  36  33  -1   0   0   0
1999   4  35  35  36  37  38   0   0   0   0
1998   4  37  37  37  36  35   0   0   0   0
1997   4  35  36  36  36  37   0   0   0   0
1996   4  31  32  33  34  35   0   0   0   0
1995   4  29  30  30  31  31   0   0   0   0
1994   4  33  32  31  30  29   0   0   0   0
1993   4  34  33  33  33  33   0  -1  -1   0
1992   4  34  33  33  34  34   0   0   0   0
1991   4  38  36  36  35  34   0   0   0   0
1990   4  36  37  38  39  40   0   0   0   0
1989   4  33  34  34  35  36   0   0   0   0
1988   4  37  36  35  34  33   0   0   0   0
1987   4  40  40  39  38  37   0   0   0   0
1986   4  43  43  42  42  41   0   0   0   0
1985   4  44  45  44  44  43   0   0   0   0
