Year NDay Positions each day    ; Flags -1=norace, 1=bumped & got bumped
2023   4  12  13  12  13  14   0   0   0   0
2022   4   9  10  10  11  12   0   0   0   0
2021   4   8   7   7   8   8   0   0   0   0
2019   4  10   9  10  10  10   0   0   0   1
2018   4  13  11  11  11  10   0  -1   0   0
2017   4   9  10  11  13  13   0   0   0   0
2016   4  13  12  12  10   9   0   0   0   0
2015   4   5   5   9  11  13   0   0   0   0
2013   4   3   3   3   4   5   0   0   0   0
2012   4   6   5   4   4   3   0   0   0   0
2011   4   6   6   6   6   6   0   1   0   0
2010   4   7   8   7   7   6   0   0   0   0
2009   4   9   9   8   7   7   0   0   0   0
2008   4  13  12  11  10   9   0   0   0   0
2006   4   1   2  13  14  13   0   0   0   0
2005   4   2   1   1   1   1   0   0   0   0
2004   4   4   3   2   2   2   0   0   0   0
2003   4   2   4   4   4   4   0   0   0  -1
2001   4   1   2   2   2   2   0   0   0   0
1999   4   3   3   2   2   2   0   0   0   0
1998   4   3   3   3   3   3   0   0   0  -1
1997   4   3   3   3   3   3   0   0   0   0
1996   4   2   2   2   2   3   0   0   0   0
1995   4   3   3   3   3   2   0   0   0   0
1994   4   2   3   3   3   3   0  -1  -1  -1
1993   4   2   2   2   2   2   0   0   0   0
1992   4   5   3   2   2   2   0   0   0   0
1991   4   8   7   6   6   5   0   0   0   0
1989   4   9   8   8   9   8   0   0   0   0
1988   4  14  12  11  10   9   0   0   0   0
1987   4  19  18  17  15  14   0   0   0   0
1986   4  22  21  20  20  19   0   0  -1   0
1985   4  23  24  24  23  22   0   0   0   0
1984   4 999 999 999 999 999   0   0   0   0
1983   4 999 999 999 999 999   0   0   0   0
1982   4  35  34  33  33  32   0   0   0   0
1981   4  30  30  30  29  28   0   0   0   0
