Year NDay Positions each day    ; Flags -1=norace, 1=bumped & got bumped
2023   4  37  40  40  43  43   0   1   0   0
2022   4  35  34  36  37  37   0   0   0   0
2021   4  36  35  34  33  33   0   0   0   0
2019   4  42  41  41  40  40   0   0   0   0
2018   4  45  42  42  42  42   0  -1   0  -1
2017   4  36  37  39  43  45   0   0   0   0
2016   4  41  40  39  38  36   0   0   0   0
2015   4  34  37  39  41  41   0   0   0   0
2013   4  32  32  32  35  34   1   0   0   0
2012   4  32  32  32  33  33   0   0   0   0
2011   4  33  32  31  32  32   0   0   0   0
2010   4  32  32  32  32  33  -1   0   0   0
2009   4  28  28  29  30  31   0   0   0   0
2008   4  33  32  30  29  29   0   0   0   0
2006   4  40  39  38  36  35   0   0   0   0
2005   4  33  35  36  37  39   0   0   0   0
2004   4  36  35  34  34  34   0   0   0   1
2003   4  40  39  38  36  36   0   0   0  -1
2001   4 999 999 999 999 999   0   0   0   0
1999   4  45  45  45  45  43  -1  -1  -1   0
1998   4  55  53  52  51  51   0   0   0  -1
1997   4 999 999 999 999 999   0   0   0   0
1996   4  32  37  37  40  41   0   0   0   0
1995   4 999 999 999 999 999   0   0   0   0
1994   4  34  33  33  33  33   0  -1  -1  -1
1993   4  32  32  35  34  34   0   0   0   1
1992   4  37  36  35  33  32   0   0   0   0
1991   4  28  27  28  27  37   0   0   0   0
1989   4  30  29  30  29  28   0   0   0   0
1988   4  35  33  32  31  30   0   0   0   0
1987   4  38  38  38  36  35   0   0   0   0
1986   4  43  42  41  41  41   0   0  -1   0
1985   4 999 999 999 999 999   0   0   0   0
1984   4  26  26  24  24  23   0   0   0   0
