Year NDay Positions each day    ; Flags -1=norace, 1=bumped & got bumped
2023   4   7   7   6   5   4   0   0   0   0
2022   4  10  10   9   8   7   0   0   0   0
2019   4  11  10   9   9  10   0   0   0   0
2018   4  14  14  13  12  11   0   0   0   0
2017   4  13  13  14  14  14   0   0   0   0
2016   4  15  13  12  13  13   0   0   0   0
2015   4  12  12  13  14  15   0   0   0   0
2014   4  12  13  13  12  12   0   0   0   0
2013   4  13  13  12  12  12   0   0   0   0
2012   4  10  11  12  12  13   0   0   0   0
2011   4  11  11  11  11  10   0   0   0   0
2010   4   9   9  10  10  11   0   0   0   0
2009   4  12  12  11  10   9   0   0   0   0
2008   4  13  12  13  13  12   0   0   0   0
2007   4  17  16  15  14  13   0   0   0   0
2006   4  14  15  16  17  17   0   0   0   0
2005   4  17  17  16  15  14   0   0   0   0
2004   4  20  19  18  17  17   0   0   0   0
2003   4  19  20  20  20  20   0   0   0   0
2002   4  19  18  18  19  19   0   0   0   0
2001   4  22  22  21  20  19   0   0   0   0
2000   4  22  21  21  21  22   0   0   0   0
1999   4  19  20  20  21  22   0   0   0   0
1998   4  16  17  18  18  19   0   0   0   0
1997   4  15  15  15  15  16   0   0   0   0
1996   4  13  14  14  15  15   0   0   0   0
1995   4  12  12  12  13  13   0   0   0   0
1994   4   8   9  10  11  12   0   0   0   0
1993   4  12  11  10   9   8   0   0   0   0
1992   4  16  15  14  12  12   0   0   0   0
1991   4  32  31  30  29  28   0   0   0   0
1990   4  35  34  33  33  32   0   0   0   0
1989   4  39  38  37  36  35   0   0   0   0
1988   4  43  42  41  40  39   0   0   0   0
1987   4  50  48  45  45  44   0   0   0   0
1986   4  54  54  53  53  53   0   0   0   0
