Year NDay Positions each day    ; Flags -1=norace, 1=bumped & got bumped
2023   4  59  58  58  57  58   0   0   0   0
2022   4  66  65  64  63  62   0   0   0   0
2019   4  66  69  68  67  66   0   0   0   0
2018   4  69  70  70  70  71   0   0   0   0
2017   4  71  71  71  71  71   0   0   0   0
2016   4  67  68  69  70  70   0   0   0   0
2015   4  69  69  70  69  68   0   0   0   0
2014   4  71  70  70  70  69   0   0   0   0
2013   4  79  78  77  76  75   0   0   0   0
2012   4  90  89  88  87  87   0   0   0   0
2011   4 999 999 999 999 999   0   0   0   0
2010   4 999 999 999 999 999   0   0   0   0
2009   4 999 999 999 999 999   0   0   0   0
2008   4  74  73  73  72  71   0   0   0   0
2007   4  85  85  80  81  81   0   0   0   0
2006   4 999 999 999 999 999   0   0   0   0
2005   4  58  57  60  61  62   0   0   0   0
2004   4  54  55  56  57  58   0   0   0   0
2003   4  58  58  55  54  54   0   0   0   0
2002   4  54  55  56  57  58   0   0   0   0
2001   4  50  50  51  52  53   0   0   0   0
2000   4  51  51  52  52  51   0   0   0   0
1999   4  52  51  50  50  51   0   0   0   0
1998   4  45  46  49  50  51   0   0   0   0
1997   4  45  45  46  47  47   0   0   0   0
1996   4  42  42  43  44  45   0   0   0   0
1995   4  38  39  40  41  42   0   0   0   0
1994   4  34  35  36  37  38   0   0   0   0
1993   4  31  31  32  33  34   0   0   0   0
1992   4  34  33  33  32  31   0   0   0   0
1991   4  35  34  34  34  34   0   0   0   0
1990   4  35  36  36  36  35   0   0   0   0
1989   4  31  32  33  34  35   0   0   0   0
1988   4  31  31  31  31  31   0   0   0   0
1987   4  34  33  32  31  31   0   0   0   0
1986   4  38  37  36  35  34   0   0   0   0
1985   4  36  37  37  37  38   0   0   0   0
1984   4  33  34  34  35  36   0   0   0   0
1983   4  36  35  35  34  33   0   0   0   0
1982   4  38  38  38  37  36   0   0   0   0
1981   4  42  41  40  39  38   0   0   0   0
1980   4  46  45  44  43  42   0   0   0   0
1979   4  49  48  47  46  46   0   0   0   0
1978   4  48  48  49  49  49   0   0   0   0
1977   4  52  51  50  49  48   0   0   0   0
1976   4  54  54  54  53  52   0   0   0   0
1975   4  58  57  56  55  54   0   0   0   0
1974   4  60  59  59  59  58   0   0   0   0
1973   4  63  63  62  60  59   0   0   0   0
1972   4  61  62  63  63  62   0   0   0   0
1971   4  61  60  61  60  61   0   0   0   0
1970   4  59  60  60  60  61   0   0   0   0
1969   4  58  59  60  60  59   0   0   0   0
1968   4  55  56  57  57  58   0   0   0   0
1967   4  52  52  53  54  55   0   0   0   0
1966   4  49  49  50  51  52   0   0   0   0
1965   4  46  47  48  49  49   0   0   0   0
1964   4  47  46  45  45  46   0   0   0   0
1963   4  51  50  49  48  47   0   0   0   0
1962   4  54  53  52  52  51   0   0   0   0
1961   4  59  58  57  55  54   0   0   0   0
1960   4  61  60  59  58  59   0   0   0   0
1959   4  64  63  63  62  61   0   0   0   0
1958   4  61  61  62  63  64   0   0   0   0
1957   4  58  59  60  61  62   0   0   0   0
1956   4  61  60  60  59  58   0   0   0   0
1955   4  64  63  63  63  62   0   0   0   0
1954   4  68  67  66  66  65   0   0   0   0
1953   6  64  65  66  67  67  68  68   0   0   0   0   0   0
1952   6  70  71  66  65  64  64  64   0   0   0   0   0   0
1951   6  65  66  67  68  69  69  70   0   0   0   0   0   0
1950   6  61  61  62  63  63  64  65   0   0   0   0   0   0
1949   6  59  59  58  58  59  60  61   0   0   0   0   0   0
1948   6  53  54  55  56  57  58  59   0   0   0   0   0   0
1947   6  53  54  54  53  52  52  53   0   0   0   0   0   0
1946   6  52  53  53  53  54  54  53   0   0   0   0   0   0
1938   6  56  56  55  54  54  53  52   0   0   0   0   0   0
1937   6  55  56  56  57  58  59  59   0   0   0   0   0   0
1936   6  54  55  56  57  56  57  58   0   0   0   0   0   0
1935   6  51  50  51  52  53  54  55   0   0   0   0   0   0
1934   6  48  49  49  50  51  52  53   0   0   0   0   0   0
1933   6  44  45  46  47  48  49  50   0   0   0   0   0   0
1932   6  41  42  42  43  44  45  46   0   0   0   0   0   0
1931   6  43  43  42  41  41  41  41   0   0   0   0   0   0
1930   6  41  41  42  42  42  43  43   0   0   0   0   0   0
1929   6  43  43  43  42  43  42  42   0   0   0   0   0   0
