Year NDay Positions each day    ; Flags -1=norace, 1=bumped & got bumped
2023   4   5   4   3   3   3   0   0   0   0
2022   4   3   4   4   5   5   0   0   0   0
2021   4   4   6   6   5   3   0   0   0   0
2019   4   1   2   3   4   5   0   0   0   0
2018   4   1   1   1   1   1   0  -1   0   0
2017   4   2   1   1   1   1   0   0   0   0
2016   4   4   3   2   2   2   0   0   0   0
2015   4   4   3   3   3   4   0   0   0   0
2013   4   8   7   6   5   4   0   0   0   0
2012   4   5   6   7   8   8   0   0   0   1
2011   4   5   5   4   5   5   0   0   0   0
2010   4   4   4   4   5   5   0   0   0   0
2009   4   2   2   2   3   4   0   0   0   0
2008   4   1   1   1   2   2   0   0   0   0
2006   4   2   1   1   1   1   0   0   0   0
2005   4   3   3   2   2   2   0   0   0   0
2004   4   6   5   4   3   3   0   0   0   0
2003   4   7   7   6   6   6   0   0   0  -1
2001   4  12  11   9   8   7   0   0   0   0
1999   4   8   7  11  13  14   0   0   0   0
1998   4   6   7   8   8   8   0   0   0  -1
1997   4   7   6   5   5   6   0   0   0   0
1996   4   8   8   8   7   7   0   0   0   0
1995   4   9   9   9   9   8   0   0   0   0
1994   4  10   9   9   9   9   0  -1  -1  -1
1993   4  17  16  14  12  10   0   0   0   0
1992   4  24  20  19  18  17   0   0   0   0
1991   4  30  28  27  25  24   0   0   0   0
1989   4  34  32  31  31  30   0   0   0   0
1988   4  39  38  36  35  34   0   0   0   0
1987   4  43  42  42  41  40   0   0   0   0
