Year NDay Positions each day    ; Flags -1=norace, 1=bumped & got bumped
2023   4  46  45  45  44  43   0   0   0   0
2022   4  49  48  47  46  46   0   0   0   0
2019   4  45  45  46  47  47   0   0   0   0
2018   4  44  43  43  44  45   0   0   0   0
2017   4  47  46  45  45  45   0   0   0   0
2016   4  46  47  48  49  49   0   0   0   0
2015   4  46  46  47  47  46   0   0   0   0
2014   4  48  47  46  46  45   0   0   0   0
2013   4  54  54  53  51  50   0   0   0   0
2012   4  51  51  52  53  54   0   0   0   0
2011   4  51  51  52  52  51   0   0   0   0
2010   4  49  50  51  52  53   0   0   0   0
2009   4  47  47  48  49  49   0   0   0   0
2008   4  47  47  48  48  47   0   0   0   0
2007   4  42  43  44  45  46   0   0   0   0
2006   4  45  46  45  45  45   0   0   0   0
2005   4  47  47  46  45  44   0   0   0   0
2004   4  43  44  45  46  47   0   0   0   0
2003   4  46  46  45  44  43   0   0   0   0
2002   4  49  48  48  47  47   0   0   0   0
2001   4  51  50  49  49  48   0   0   0   0
2000   4  55  55  55  55  54  -1  -1   0   0
1999   4  60  60  61  61  61   0   0   0   0
1998   4 999 999 999 999 999   0   0   0   0
1997   4  52  53  54  55  56   0   0   0   0
1996   4  57  56  56  56  57   0   0   0   0
1995   4 999 999 999 999 999   0   0   0   0
1994   4  39  40  41  41  41   0   0   0   0
1993   4  41  40  40  40  40   0  -1  -1   0
1992   4  45  44  43  42  41   0   0   0   0
1991   4  46  46  45  45  45   0   0   0   0
1990   4  46  46  47  47  48   0   0   0   0
1989   4  49  49  49  48  48   0   0   0   0
1988   4  47  48  49  49  50   0   0   0   0
1987   4  57  57  56  55  54   0   0   0   0
