Year NDay Positions each day    ; Flags -1=norace, 1=bumped & got bumped
2023   4  66  67  68  69  70   0   0   0   0
2022   4  62  63  64  65  66   0   0   0   0
2019   4  59  58  58  59  60   0   0   0   0
2018   4  61  60  60  61  61   0   0   0   0
2017   4  63  63  62  62  62   0   0   0   0
2016   4  67  68  69  70  71   0   0   0   0
2015   4  69  68  69  72  73   0   0   0   0
2014   4  67  68  69  72  73   0   0   0   0
2013   4  74  75  76  77  77   0   0   0   0
2012   4 999 999 999 999 999   0   0   0   0
2011   4 999 999 999 999 999   0   0   0   0
2010   4 999 999 999 999 999   0   0   0   0
2009   4 999 999 999 999 999   0   0   0   0
2008   4 999 999 999 999 999   0   0   0   0
2007   4 999 999 999 999 999   0   0   0   0
2006   4 999 999 999 999 999   0   0   0   0
2005   4  57  58  59  60  60   0   0   0   0
2004   4  59  59  58  57  57   0   0   0   0
2003   4  62  62  63  64  65   0   0   0   0
2002   4  66  67  68  69  69   0   0   0   0
2001   4  72  72  72  71  72   0   0   0   0
2000   4 999 999 999 999 999   0   0   0   0
1999   4 999 999 999 999 999   0   0   0   0
1998   4 999 999 999 999 999   0   0   0   0
1997   4 999 999 999 999 999   0   0   0   0
1996   4 999 999 999 999 999   0   0   0   0
1995   4 999 999 999 999 999   0   0   0   0
1994   4 999 999 999 999 999   0   0   0   0
1993   4  49  50  50  50  49   0  -1  -1   0
1992   4  55  56  56  55  54   0   0   0   0
1991   4 999 999 999 999 999   0   0   0   0
1990   4 999 999 999 999 999   0   0   0   0
1989   4 999 999 999 999 999   0   0   0   0
1988   4  60  61  61  61  61   0   0   0   0
