Year NDay Positions each day    ; Flags -1=norace, 1=bumped & got bumped
2023   4  65  65  66  67  67   0   0   0   0
2022   4  71  70  69  69  70   0   0   0   0
2019   4  73  74  75  76  77   0   0   0   0
2018   4  84  83  82  82  83   0   0   0   0
2017   4  90  91  90  90  89   0   0   0   0
2016   4 999 999 999 999 999   0   0   0   0
2015   4  84  83  82  81  80   0   0   0   0
2014   4 999 999 999 999 999   0   0   0   0
2013   4  86  85  84  83  82   0   0   0   0
2012   4 999 999 999 999 999   0   0   0   0
2011   4 999 999 999 999 999   0   0   0   0
2010   4 999 999 999 999 999   0   0   0   0
2009   4 999 999 999 999 999   0   0   0   0
2008   4  78  78  79  80  81   0   0   0   0
2007   4 999 999 999 999 999   0   0   0   0
2006   4 999 999 999 999 999   0   0   0   0
2005   4 999 999 999 999 999   0   0   0   0
2004   4 999 999 999 999 999   0   0   0   0
2003   4 999 999 999 999 999   0   0   0   0
2002   4 999 999 999 999 999   0   0   0   0
2001   4 999 999 999 999 999   0   0   0   0
2000   4  62  62  65  66  67  -1   0   0   0
1999   4 999 999 999 999 999   0   0   0   0
1998   4  55  56  57  57  57   0   0   0   0
1997   4  57  56  59  58  57   0   0   0   0
1996   4  58  58  58  57  57   0   0   0   0
1995   4  62  58  57  57  57   0   0   0   0
1994   4  60  61  61  61  62   0   0   0   0
1993   4  61  62  62  62  60   0  -1  -1   0
1992   4  66  64  63  62  61   0   0   0   0
1991   4  66  65  65  66  66   0   0   0   0
1990   4  69  68  67  66  65   0   0   0   0
1989   4  67  67  68  69  70   0   0   0   0
1988   4  64  64  65  66  67   0   0   0   0
1987   4  68  67  66  65  64   0   0   0   0
1986   4  66  67  68  69  70   0   0   0   0
1985   4  65  66  66  65  66   0   0   0   0
1984   4  63  64  65  65  65   0   0   0   0
1983   4  59  60  61  62  63   0   0   0   0
1982   4  59  59  58  58  59   0   0   0   0
1981   4  57  57  56  59  59   0   0   0   0
1980   4  55  55  56  56  57   0   0   0   0
1979   4  57  56  56  56  55   0   0   0   0
1978   4  58  57  57  58  57   0   0   0   0
1977   4  58  57  57  58  58   0   0   0   0
1976   4  62  61  60  59  58   0   0   0   0
1975   4  65  65  64  63  62   0   0   0   0
1974   4  69  68  67  66  65   0   0   0   0
1973   4  72  71  70  69  68   0   0   0   0
1972   4  68  69  70  71  72   0   0   0   0
1971   4  67  66  66  67  68   0   0   0   0
1970   4  71  70  69  68  67   0   0   0   0
1969   4  73  72  72  71  71   0   0   0   0
1968   4  78  77  76  75  74   0   0   0   0
1967   4  77  78  78  78  78   0   0   0   0
1966   4  79  79  78  78  77   0   0   0   0
1965   4  82  83  84  85  84   0   0   0   0
1964   4 999 999 999 999 999   0   0   0   0
1963   4  83  82  82  81  81   0   0   0   0
1962   4 999 999 999 999 999   0   0   0   0
1961   4 999 999 999 999 999   0   0   0   0
1960   4  76  77  77  76  75   0   0   0   0
1959   4  82  83  84  85  85   0   0   0   0
1958   4 999 999 999 999 999   0   0   0   0
1957   4  71  70  69  68  67   0   0   0   0
1956   4  70  69  69  70  71   0   0   0   0
1955   4  75  75  74  72  71   0   0   0   0
1954   4  78  78  79  79  78   0   0   0   0
1953   6  77  77  78  79  80  81  82   0   0   0   0   0   0
1952   6  77  80  81  81  81  81  81   0   0   0   0   0   0
1951   6  79  80  79  80  81  82  83   0   0   0   0   0   0
1950   6  79  78  77  77  78  79  80   0   0   0   0   0   0
1949   6  78  79  80  80  81  82  83   0   0   0   0   0   0
