Year NDay Positions each day    ; Flags -1=norace, 1=bumped & got bumped
2023   4  35  37  38  39  39   0   0   0   0
2022   4  40  39  38  36  35   0   0   0   0
2021   4  33  36  37  37  38   0   0   0   0
2019   4  34  34  35  35  35   1   0   0   0
2018   4  34  34  34  34  34   1  -1   0  -1
2017   4  41  39  38  35  34   0   0   0   0
2016   4  43  44  43  43  41   0   0   0   0
2015   4  46  44  43  42  44   0   0   0   0
2013   4  50  50  48  46  46   0   0   0   0
2012   4  56  56  55  57  57   0   0   0   0
2011   4 999 999 999 999 999   0   0   0   0
2010   4 999 999 999 999 999   0   0   0   0
2009   4 999 999 999 999 999   0   0   0   0
2008   4 999 999 999 999 999   0   0   0   0
2006   4  47  49  51  51  52   0   0   0   0
2005   4  36  37  38  45  49   0   0   0   0
2004   4  35  37  38  37  37   0   0   0   0
2003   4  39  38  36  35  35   0   0   0  -1
2001   4 999 999 999 999 999   0   0   0   0
1999   4  42  42  42  42  41  -1  -1  -1   0
1998   4  51  48  48  47  47   0   0   0  -1
1997   4 999 999 999 999 999   0   0   0   0
1996   4  49  48  49  48  47   0   0   0   0
1995   4 999 999 999 999 999   0   0   0   0
1994   4  36  37  37  37  37   0  -1  -1  -1
1993   4  33  34  34  36  36   0   1   0   0
1992   4  38  38  36  35  33   0   0   0   0
1991   4  46  45  44  43  42   0   0   0   0
1989   4  49  47  46  46  49   0   0   0   0
