Year NDay Positions each day    ; Flags -1=norace, 1=bumped & got bumped
2023   4  79  79  79  79  79   0   0   0   0
2022   4 999 999 999 999 999   0   0   0   0
2019   4  77  77  77  77  77   0   0   0   0
2018   4 999 999 999 999 999   0   0   0   0
2017   4 999 999 999 999 999   0   0   0   0
2016   4 999 999 999 999 999   0   0   0   0
2015   4 999 999 999 999 999   0   0   0   0
2014   4 999 999 999 999 999   0   0   0   0
2013   4 999 999 999 999 999   0   0   0   0
2012   4 999 999 999 999 999   0   0   0   0
2011   4 999 999 999 999 999   0   0   0   0
2010   4 999 999 999 999 999   0   0   0   0
2009   4 999 999 999 999 999   0   0   0   0
2008   4 999 999 999 999 999   0   0   0   0
2007   4 999 999 999 999 999   0   0   0   0
2006   4 999 999 999 999 999   0   0   0   0
2005   4 999 999 999 999 999   0   0   0   0
2004   4 999 999 999 999 999   0   0   0   0
2003   4 999 999 999 999 999   0   0   0   0
2002   4 999 999 999 999 999   0   0   0   0
2001   4 999 999 999 999 999   0   0   0   0
2000   4 999 999 999 999 999   0   0   0   0
1999   4 999 999 999 999 999   0   0   0   0
1998   4 999 999 999 999 999   0   0   0   0
1997   4 999 999 999 999 999   0   0   0   0
1996   4 999 999 999 999 999   0   0   0   0
1995   4 999 999 999 999 999   0   0   0   0
1994   4 999 999 999 999 999   0   0   0   0
1993   4 999 999 999 999 999   0   0   0   0
1992   4  58  58  57  58  58   0   0   0   0
