Year NDay Positions each day    ; Flags -1=norace, 1=bumped & got bumped
2023   4  67  66  65  64  64   0   0   0   0
2022   4  78  77  76  75  74   0   0   0   0
2019   4 999 999 999 999 999   0   0   0   0
2018   4 999 999 999 999 999   0   0   0   0
2017   4 999 999 999 999 999   0   0   0   0
2016   4 999 999 999 999 999   0   0   0   0
2015   4 999 999 999 999 999   0   0   0   0
2014   4 999 999 999 999 999   0   0   0   0
2013   4 999 999 999 999 999   0   0   0   0
2012   4 999 999 999 999 999   0   0   0   0
2011   4 999 999 999 999 999   0   0   0   0
2010   4 999 999 999 999 999   0   0   0   0
2009   4 999 999 999 999 999   0   0   0   0
2008   4 999 999 999 999 999   0   0   0   0
2007   4 999 999 999 999 999   0   0   0   0
2006   4 999 999 999 999 999   0   0   0   0
2005   4 999 999 999 999 999   0   0   0   0
2004   4 999 999 999 999 999   0   0   0   0
2003   4 999 999 999 999 999   0   0   0   0
2002   4 999 999 999 999 999   0   0   0   0
2001   4 999 999 999 999 999   0   0   0   0
2000   4 999 999 999 999 999   0   0   0   0
1999   4 999 999 999 999 999   0   0   0   0
1998   4 999 999 999 999 999   0   0   0   0
1997   4  66  67  68  69  69   0   0   0   0
1996   4  69  66  67  67  66   0   0   0   0
1995   4  65  66  66  67  68   0   0   0   0
1994   4  63  66  65  65  65   0   0   0   0
1993   4  65  64  64  64  63   0  -1  -1   0
1992   4  69  65  66  65  65   0   0   0   0
1991   4  73  72  71  70  69   0   0   0   0
1990   4  70  71  72  72  71   0   0   0   0
1989   4  68  69  70  71  71   0   0   0   0
1988   4  70  69  68  68  68   0   0   0   0
1987   4  70  70  69  69  70   0   0   0   0
1986   4  74  72  69  68  68   0   0   0   0
1985   4  78  77  76  75  74   0   0   0   0
1984   4  82  81  81  80  80   0   0   0   0
1983   4  83  82  81  80  81   0   0   0   0
1982   4  87  87  86  85  85   0   0   0   0
1981   4  78  78  78  77  76   0   0   0   0
1980   4  85  85  86  86  87   0   0   0   0
1979   4  81  82  82  81  80   0   0   0   0
1978   4  74  73  72  73  73   0   0   0   0
1977   4  73  72  73  73  74   0   0   0   0
1976   4  77  76  75  74  73   0   0   0   0
1975   4  82  79  78  77  77   0   0   0   0
1974   4  82  82  82  83  83   0   0   0   0
1973   4  85  86  84  85  86   0   0   0   0
1972   4  90  89  88  87  86   0   0   0   0
1971   4  89  89  90  91  90   0   0   0   0
1970   4  85  86  87  88  89   0   0   0   0
1969   4  84  85  85  86  85   0   0   0   0
1968   4  85  84  85  85  86   0   0   0   0
1967   4  90  89  91  88  87   0   0   0   0
1966   4  94  94  93  92  91   0   0   0   0
1965   4 999 999 999 999 999   0   0   0   0
1964   4 999 999 999 999 999   0   0   0   0
1963   4 999 999 999 999 999   0   0   0   0
1962   4 999 999 999 999 999   0   0   0   0
1961   4 999 999 999 999 999   0   0   0   0
1960   4 999 999 999 999 999   0   0   0   0
1959   4 999 999 999 999 999   0   0   0   0
1958   4  84  85  84  84  83   0   0   0   0
1957   4 999 999 999 999 999   0   0   0   0
1956   4 999 999 999 999 999   0   0   0   0
1955   4  85  85  85  85  85   0   0   0   0
