Year NDay Positions each day    ; Flags -1=norace, 1=bumped & got bumped
2023   4  29  33  32  37  37   0   0   0   0
2022   4  35  34  33  32  29   0   0   0   0
2021   4  30  32  33  34  32   0   0   0   0
2019   4  39  39  38  35  34   0   0   0   0
2018   4  40  39  39  39  39   0  -1   0  -1
2017   4  35  36  37  37  39   1   0   0   0
2016   4  30  30  33  35  36   1   0   0   0
2015   4  36  34  33  31  30   0   0   0   0
2013   4  42  40  39  38  36   0   0   0   0
2012   4  46  45  44  43  42   0   0   0   0
2011   4  51  50  48  46  46   0   0   0   0
2010   4  53  53  52  51  51  -1   0   0   0
2009   4  48  47  49  53  53   0   0   0   1
2008   4  37  42  44  48  48   0   0   0   0
2006   4  33  35  35  35  37   0   0   0   0
2005   4  36  35  35  34  33   0   0   0   0
2004   4  25  28  31  34  36   0   0   0   0
2003   4  16  20  22  25  25   0   0   0  -1
2001   4  13  14  13  14  16   0   0   0   0
1999   4  12  11  11  12  13   0   0   0   0
1998   4   9  11  12  13  13   0   0   0  -1
1997   4  12  11  10  10   9   0   0   0   0
1996   4  12  11  10  11  12   0   0   0   0
1995   4  13  13  13  12  12   0   0   0   0
1994   4  10  13  13  13  13   0  -1  -1  -1
1993   4   8   8   9   9  10   0   0   0   0
1992   4   6   6   7   8   8   0   0   0   0
1991   4   5   5   5   5   6   0   0   0   0
1990   4   6   6   6   5   5   0   0  -1  -1
1989   4   3   3   4   5   6   0   0   0   0
1988   4   6   5   4   4   3   0   0   0   0
1987   4   5   5   5   5   6   0   0   0   0
1986   4   4   4   5   5   5   0   0  -1   0
1985   4   8   7   6   5   4   0   0   0   0
1984   4   8   8   7   7   8   0   0   0   0
1983   4  12  11  10   9   8   0   0   0   0
1982   4  15  15  15  14  12   0   0   0   0
1981   4  19  18  17  16  15   0   0   0   0
1980   4  17  19  20  20  19   0   0   0   0
1979   4  12  12  14  15  17   1   0   0   0
1978   4   9  10  11  12  12   0   0   0   0
1976   4  12  10  10  10   9   0   0   0   0
1975   4  11  10  10  11  12   0   0   0   0
1974   4  15  14  12  11  11   0   0   0   0
1973   4  21  20  18  18  15   0   0   0   0
1972   4  25  25  23  21  21   0   0   0   0
1971   4  30  29  28  27  25   0   0   0   0
1970   4  26  27  28  28  31   0   0   0   0
1969   4  29  28  28  27  26   0   0   0   0
1968   4  31  30  29  29  29   1   0   0   0
1967   4  35  34  32  31  31   0   0   0   0
1966   4  40  40  37  36  35   0   0   0   0
1965   4 999 999 999 999 999   0   0   0   0
1964   4 999 999 999 999 999   0   0   0   0
1962   4  33  34  34  34  34   0   0   0   0
1961   4  29  29  31  31  33   0   0   1   0
1960   4  30  29  27  28  29   0   0   0   0
1959   4  29  29  30  30  30   0   0   0   0
1958   4  25  26  27  28  29   0   0   0   0
1957   4  28  27  26  25  25   0   0   0   0
1956   4  31  30  29  28  28   0   0   0   0
1955   6  25  26  27  28  29  30  31   0   0   0   0   0   0
1954   6  27  27  26  25  25  25  25   0   0   0   0   0   0
1953   6  33  32  31  30  29  28  27   0   0   0   0   0   0
1952   6  33  34  33  32  32  33  33   0   0   0   0   0   0
1951   6  33  33  34  35  35  34  33   0   0   0   0   0   0
1950   6  38  35  36  33  34  34  33   0   0   0   0   0   0
1949   4  38  38  38  38  38   0   0   0   0
1948   6  39  40  40  40  40  39  38   0   0   0   0   0   0
1947   6  38  39  39  39  40  40  40   0   0   0   0   0   0
1946   6 999 999 999 999 999 999 999   0   0   0   0   0   0
1938   6  33  34  33  33  34  35  36   0   0   0   0   0   0
1937   6  26  27  30  30  31  32  33   0   0   0   0   0   0
1936   6  29  28  27  26  26  26  26   0   0   0   0   0   0
1935   6  35  34  33  32  31  30  29   0   0   0   0   0   0
1934   6  33  34  34  34  35  35  35   0   0   0   0   0   0
1933   6  35  35  34  34  33  34  35   0   0   0   0   0   0
1932   6  34  35  35  34  34  35  36   0   0   0   0   0   0
1931   6  32  33  33  34  35  35  34   0   0   0   0   0   0
1930   6  29  30  31  31  32  32  33   0   0   0   0   0   0
1929   4  30  30  30  29  29   0   0   0   0
1928   6  29  29  30  31  31  31  30   0   0   0   0   0   0
1927   6  32  32  31  31  30  30  29   0   0   0   0   0   0
1926   6  32  33  33  32  32  32  32   0   0   0   0   0   0
1925   6  32  33  34  34  34  34  34   0   0   0   0   0   0
1924   6  34  33  33  33  33  33  33   0   0   0   0   0   0
1923   6 999 999 999 999 999 999 999   0   0   0   0   0   0
1922   6 999 999 999 999 999 999 999   0   0   0   0   0   0
1921   6 999 999 999 999 999 999 999   0   0   0   0   0   0
1920   6 999 999 999 999 999 999 999   0   0   0   0   0   0
1914   6 999 999 999 999 999 999 999   0   0   0   0   0   0
1913   6 999 999 999 999 999 999 999   0   0   0   0   0   0
1912   6 999 999 999 999 999 999 999   0   0   0   0   0   0
1911   6  29  30  31  32  33  34  34   0   0   0   0   0   0
1910   6  28  29  30  29  28  28  29   0   0   0   0   0   0
1909   6  27  27  27  27  27  28  28   0   0   0   0   0   0
1908   6  32  31  30  29  29  28  27   0   0   0   0   0   0
1907   6 999 999 999 999 999 999 999   0   0   0   0   0   0
1906   6 999 999 999 999 999 999 999   0   0   0   0   0   0
1905   6 999 999 999 999 999 999 999   0   0   0   0   0   0
1904   6  30  30  29  29  28  28  28   0   0   0   0   0   0
1903   6 999 999 999 999 999 999 999   0   0   0   0   0   0
1902   6 999 999 999 999 999 999 999   0   0   0   0   0   0
1901   6 999 999 999 999 999 999 999   0   0   0   0   0   0
1900   6 999 999 999 999 999 999 999   0   0   0   0   0   0
1899   6 999 999 999 999 999 999 999   0   0   0   0   0   0
1898   6 999 999 999 999 999 999 999   0   0   0   0   0   0
1897   6 999 999 999 999 999 999 999   0   0   0   0   0   0
1896   6 999 999 999 999 999 999 999   0   0   0   0   0   0
1894   6 999 999 999 999 999 999 999   0   0   0   0   0   0
1893   6 999 999 999 999 999 999 999   0   0   0   0   0   0
1892   6 999 999 999 999 999 999 999   0   0   0   0   0   0
1891   6 999 999 999 999 999 999 999   0   0   0   0   0   0
1890   6 999 999 999 999 999 999 999   0   0   0   0   0   0
1889   6 999 999 999 999 999 999 999   0   0   0   0   0   0
1888   6 999 999 999 999 999 999 999   0   0   0   0   0   0
1887   6 999 999 999 999 999 999 999   0   0   0   0   0   0
1886   6 999 999 999 999 999 999 999   0   0   0   0   0   0
1885   6 999 999 999 999 999 999 999   0   0   0   0   0   0
1884   6 999 999 999 999 999 999 999   0   0   0   0   0   0
1883   6 999 999 999 999 999 999 999   0   0   0   0   0   0
1882   6 999 999 999 999 999 999 999   0   0   0   0   0   0
1881   6 999 999 999 999 999 999 999   0   0   0   0   0   0
1880   6 999 999 999 999 999 999 999   0   0   0   0   0   0
1879   6 999 999 999 999 999 999 999   0   0   0   0   0   0
1878   6 999 999 999 999 999 999 999   0   0   0   0   0   0
1877   6 999 999 999 999 999 999 999   0   0   0   0   0   0
1876   6 999 999 999 999 999 999 999   0   0   0   0   0   0
1875   6 999 999 999 999 999 999 999   0   0   0   0   0   0
1874   6 999 999 999 999 999 999 999   0   0   0   0   0   0
1873   6 999 999 999 999 999 999 999   0   0   0   0   0   0
1872   6 999 999 999 999 999 999 999   0   0   0   0   0   0
1871   6 999 999 999 999 999 999 999   0   0   0   0   0   0
1870   6 999 999 999 999 999 999 999   0   0   0   0   0   0
1869   6 999 999 999 999 999 999 999   0   0   0   0   0   0
1868   6 999 999 999 999 999 999 999   0   0   0   0   0   0
1867   6 999 999 999 999 999 999 999   0   0   0   0   0   0
1866   6 999 999 999 999 999 999 999   0   0   0   0   0   0
1865   5 999 999 999 999 999 999   0   0   0   0   0
1864   6 999 999 999 999 999 999 999   0   0   0   0   0   0
1863   6 999 999 999 999 999 999 999   0   0   0   0   0   0
1862   6 999 999 999 999 999 999 999   0   0   0   0   0   0
1861   6 999 999 999 999 999 999 999   0   0   0   0   0   0
1860   6 999 999 999 999 999 999 999   0   0   0   0   0   0
1859   6 999 999 999 999 999 999 999   0   0   0   0   0   0
1858   6 999 999 999 999 999 999 999   0   0   0   0   0   0
1857   6 999 999 999 999 999 999 999   0   0   0   0   0   0
1856   6 999 999 999 999 999 999 999   0   0   0   0   0   0
1855   6 999 999 999 999 999 999 999   0   0   0   0   0   0
1854   6 999 999 999 999 999 999 999   0   0   0   0   0   0
1853   6 999 999 999 999 999 999 999   0   0   0   0   0   0
1852   6 999 999 999 999 999 999 999   0   0   0   0   0   0
1851   8 999 999 999 999 999 999 999 999 999   0   0   0   0   0   0   0   0
1850   8 999 999 999 999 999 999 999 999 999   0   0   0   0   0   0   0   0
1849   7 999 999 999 999 999 999 999 999   0   0   0   0   0   0   0
1848   6 999 999 999 999 999 999 999   0   0   0   0   0   0
1847   7 999 999 999 999 999 999 999 999   0   0   0   0   0   0   0
1846   6 999 999 999 999 999 999 999   0   0   0   0   0   0
1845   6 999 999 999 999 999 999 999   0   0   0   0   0   0
1844   6 999 999 999 999 999 999 999   0   0   0   0   0   0
1843   7  13  13  13 999 999 999 999 999  -1   0   0   0   0   0   0
