Year NDay Positions each day    ; Flags -1=norace, 1=bumped & got bumped
2023   4  71  71  72  73  73   0   0   0   0
2022   4  76  75  75  74  72   0   0   0   0
2019   4 999 999 999 999 999   0   0   0   0
2018   4 999 999 999 999 999   0   0   0   0
2017   4 999 999 999 999 999   0   0   0   0
2016   4 999 999 999 999 999   0   0   0   0
2015   4 999 999 999 999 999   0   0   0   0
2014   4 999 999 999 999 999   0   0   0   0
2013   4  68  69  68  71  72   0   0   0   0
2012   4  77  76  76  75  74   0   0   0   0
2011   4 999 999 999 999 999   0   0   0   0
2010   4  55  55  54  53  52   0   0   0   0
2009   4  55  55  54  54  55   0   0   0   0
2008   4  52  53  54  55  55   0   0   0   0
2007   4  50  50  51  51  51   0   0   0   0
2006   4  51  51  52  53  53   0   0   0   0
2005   4  40  41  48  49  50   0   0   0   0
2004   4 999 999 999 999 999   0   0   0   0
2003   4 999 999 999 999 999   0   0   0   0
2002   4  33  32  32  33  33   0   0   0   0
2001   4 999 999 999 999 999   0   0   0   0
2000   4 999 999 999 999 999   0   0   0   0
1999   4  21  22  23  24  25   0   0   0   0
1998   4  23  23  22  22  21   0   0   0   0
1997   4  27  26  24  24  23   0   0   0   0
1996   4  29  29  28  28  27   0   0   0   0
1995   4  35  32  31  30  29   0   0   0   0
1994   4  36  35  36  36  35   0   0   0   0
1993   4  39  38  38  38  36   0  -1  -1   0
1992   4  42  41  41  40  39   0   0   0   0
1991   4  40  40  41  41  42   0   0   0   0
1990   4  45  44  43  42  42   0   0   0   0
1989   4  48  48  47  47  47   0   0   0   0
1988   4  53  52  51  50  49   0   0   0   0
1987   4 999 999 999 999 999   0   0   0   0
1986   4  53  50  49  48  47   0   0   0   0
1985   4 999 999 999 999 999   0   0   0   0
1984   4 999 999 999 999 999   0   0   0   0
1983   4 999 999 999 999 999   0   0   0   0
1982   4  34  33  32  31  30   0   0   0   0
