Year NDay Positions each day    ; Flags -1=norace, 1=bumped & got bumped
2023   4  60  60  61  62  62   0   0   0   0
2022   4  59  60  61  62  63   0   0   0   0
2019   4 999 999 999 999 999   0   0   0   0
2018   4 999 999 999 999 999   0   0   0   0
2017   4  47  48  49  50  51   0   0   0   0
2016   4  44  44  45  46  47   0   0   0   0
2015   4  49  49  48  45  44   0   0   0   0
2014   4  53  52  51  50  49   0   0   0   0
2013   4  56  56  56  55  54   0   0   0   0
2012   4  57  56  55  55  56   0   0   0   0
2011   4  54  55  55  56  57   0   0   0   0
2010   4  53  52  52  53  54   0   0   0   0
2009   4  52  55  54  54  53   0   0   0   0
2008   4  46  49  50  51  52   0   0   0   0
2007   4  46  46  45  45  46   0   0   0   0
2006   4  47  48  45  46  46   0   0   0   0
2005   4  43  44  45  46  47   0   0   0   0
2004   4  46  46  45  44  43   0   0   0   0
2003   4  43  43  44  45  46   0   0   0   0
2002   4  38  38  39  42  43   0   0   0   0
2001   4 999 999 999 999 999   0   0   0   0
2000   4  30  31  32  33  34   0   0   0   0
1999   4  29  30  30  30  30   0   0   0   0
1998   4 999 999 999 999 999   0   0   0   0
1997   4  28  27  26  25  25   0   0   0   0
1996   4  31  30  30  29  28   0   0   0   0
1995   4  34  34  33  32  31   0   0   0   0
1994   4  35  34  33  33  34   0   0   0   0
1993   4  32  33  34  35  36   0   0   0   0
1992   4  30  29  30  31  32   0   0   0   0
1991   4  29  29  30  30  30   0   0   0   0
1990   4  27  28  29  29  29   0   0   0   0
1989   4  26  27  27  27  27   0   0   0   0
1988   4  22  23  24  25  26   0   0   0   0
1987   4  19  20  21  22  22   0   0   0   0
1986   4  17  18  18  18  19   0   0   0   0
1985   4  17  18  18  17  17   0   0   0   0
1984   4  16  16  17  17  17   0   0   0   0
1983   4  20  19  18  17  16   0   0   0   0
1982   4  19  19  20  21  20   0   0   0   0
1981   4  20  20  19  19  19   0   0   0   0
1980   4  20  20  20  21  20   0   0   0   0
1979   4  24  23  22  21  20   0   0   0   0
1978   4  24  24  25  25  24   0   0   0   0
1977   4  28  27  26  25  24   0   0   0   0
1976   4  29  30  30  29  28   0   0   0   0
1975   4  32  31  31  30  29   0   0   0   0
1974   4  35  34  34  33  32   0   0   0   0
1973   4  36  36  35  35  35   0   0   0   0
1972   4  74  70  69  68  67   0   0   0   0
1971   4  77  77  76  75  74   0   0   0   0
1970   4  81  80  79  78  77   0   0   0   0
1969   4  85  84  83  82  81   0   0   0   0
1968   4  93  90  89  88  87   0   0   0   0
