Year NDay Positions each day    ; Flags -1=norace, 1=bumped & got bumped
2023   4  70  71  72  72  71   0   0   0   0
2022   4 999 999 999 999 999   0   0   0   0
2021   4 999 999 999 999 999   0   0   0   0
2019   4 999 999 999 999 999   0   0   0   0
2018   4 999 999 999 999 999   0   0   0   0
2017   4 999 999 999 999 999   0   0   0   0
2016   4 999 999 999 999 999   0   0   0   0
2015   4 999 999 999 999 999   0   0   0   0
2013   4 999 999 999 999 999   0   0   0   0
2012   4 999 999 999 999 999   0   0   0   0
2011   4 999 999 999 999 999   0   0   0   0
2010   4 999 999 999 999 999   0   0   0   0
2009   4 999 999 999 999 999   0   0   0   0
2008   4 999 999 999 999 999   0   0   0   0
2006   4  48  47  46  45  44   0   0   0   0
2005   4  44  47  47  47  48   0   0   0   0
2004   4  50  47  46  45  44   0   0   0   0
2003   4  37  38  44  49  49   0   0   0  -1
2001   4 999 999 999 999 999   0   0   0   0
1999   4  26  26  25  25  25   0   0   0   0
1998   4  22  25  26  27  27   0   0   0  -1
1997   4  23  23  22  21  22   0   0   0   0
1996   4  26  25  25  24  23   0   0   0   0
1995   4 999 999 999 999 999   0   0   0   0
1994   4  26  26  26  26  26   0  -1  -1  -1
1993   4  27  27  26  26  26   0   0   0   0
1992   4  30  29  28  27  27   0   0   0   0
1991   4  31  30  29  29  29   0   0   0   0
1990   4 999 999 999 999 999   0   0   0   0
1989   4  36  35  34  32  31   0   0   0   0
1988   4  25  29  32  34  36   0   0   0   0
1987   4  23  23  25  25  25   0   0   0   0
1986   4  22  24  24  24  23   0   0  -1   0
1985   4  19  20  22  23  22   0   0   0   0
1984   4  19  19  19  20  19   0   0   0   0
1983   4  22  21  20  19  19   0   0   0   0
1982   4  19  20  21  22  22   0   0   0   0
1981   4  16  17  18  18  19   0   0   0   0
1980   4  16  15  14  14  16   0   0   0   0
1979   4  23  20  19  17  16   0   0   0   0
1978   4  25  25  25  24  23   0   0   0   0
1976   4  23  24  24  24  25   0   0   0   0
1975   4  21  23  23  23  23   0   0   0   0
1974   4  22  22  21  21  21   0   0   0   0
1973   4  19  21  22  22  22   0   0   0   0
1972   4  23  22  21  20  19   0   0   0   0
1971   4  28  26  26  24  23   0   0   0   0
1970   4  39  36  35  30  29   0   0   0   0
1969   4  48  45  44  42  40   0   0   0   0
