Year NDay Positions each day    ; Flags -1=norace, 1=bumped & got bumped
2023   4  42  42  41  40  41   1   0   0   0
2022   4  48  47  46  44  43   0   0   0   0
2021   4  61  60  59  57  56   0   0   0   0
2019   4 999 999 999 999 999   0   0   0   0
2018   4 999 999 999 999 999   0   0   0   0
2017   4 999 999 999 999 999   0   0   0   0
2016   4 999 999 999 999 999   0   0   0   0
2015   4 999 999 999 999 999   0   0   0   0
2013   4 999 999 999 999 999   0   0   0   0
2012   4  15  16  18  19  20   0   0   0   0
2011   4  10  11  13  13  15   0   0   0   0
2010   4   8   7   8   8  10   0   0   0   0
2009   4  10  10  10   9   8   0   0   0   0
2008   4   4   5   7   8  11   0   0   0   0
2006   4   6   5   4   4   4   0   0   1   0
2005   4   9   7   6   7   6   0   0   0   0
2004   4  13  12  10  10   9   0   0   0   0
2003   4 999 999 999 999 999   0   0   0   0
2001   4 999 999 999 999 999   0   0   0   0
1999   4   1   1   1   1   1   0   0   0   0
1998   4   1   1   1   1   1   0   0   0  -1
1997   4   1   1   1   1   1   0   0   0   0
1996   4   1   1   1   1   1   0   0   0   0
1995   4   2   2   2   1   1  -1  -1  -1  -1
1994   4   3   2   2   2   2   0  -1  -1  -1
1993   4   4   3   3   3   3   0   0   0   0
1992   4   2   2   4   4   4   0   0   0   0
1991   4   1   2   2   2   2   0   0   0   0
1989   4   1   1   1   1   1   0   0   0   0
1988   4   2   2   1   1   1   0   0   0   0
1987   4   1   1   1   1   2   0   0   0   0
1986   4   4   3   2   2   1   0   0  -1   0
1985   4   1   2   2   3   4   0   0   0   0
1984   4   3   2   1   1   1   0   0   0   0
1983   4   7   6   5   4   3   0   0   0   0
1982   4  12  11   9   8   7   0   0   0   0
1981   4  16  15  13  12  12   0   0   0   0
1980   4  21  19  18  17  16   0   0   0   0
