Year NDay Positions each day    ; Flags -1=norace, 1=bumped & got bumped
2023   4  35  34  33  33  34   0   0   1   0
2022   4  30  31  32  33  35   0   0   0   0
2021   4  22  22  24  25  27   0   0   0   0
2019   4  14  15  15  17  25   0   1   0   0
2018   4  12  13  13  13  14   0  -1   0   0
2017   4  10  10  10  10  11   0   1   0   0
2016   4  16  15  14  12  11   0   0   0   0
2015   4  18  17  17  17  16   0   0   0   0
2013   4  16  17  18  18  18   0   0   0   0
2012   4  19  18  17  16  16   0   0   0   0
2011   4  22  22  20  19  19   0   0   0   0
2010   4  27  26  24  23  22   0   0   0   0
2009   4  25  25  27  27  27   0   0   0   0
2008   4  29  28  27  26  25   0   0   0   0
2006   4  30  30  30  29  29   1   0   0   0
2005   4  25  25  25  29  30   0   0   0   0
2004   4  26  26  26  25  25   1   0   0   0
2003   4  26  27  27  26  26   0   1   0  -1
2001   4  31  30  29  27  26   0   0   0   0
1999   4  32  31  31  31  32   0   1   0   0
1998   4  30  31  32  33  33   0   0   0  -1
1997   4  31  31  30  30  30   1   0   0   0
1996   4  32  32  31  30  31   0   0   0   0
1995   4 999 999 999 999 999   0   0   0   0
1994   4  33  33  33  33  33   1  -1  -1  -1
1993   4  39  38  36  34  33   0   0   0   0
1992   4  39  39  38  39  39   0   0   0   0
1991   4  42  41  40  39  38   0   0   0   0
1990   4 999 999 999 999 999   0   0   0   0
1989   4  42  41  41  42  42   0   0   0   0
1988   4  34  37  39  41  42   0   0   0   0
1987   4  34  33  37  35  34   0   0   0   0
1986   4  36  35  34  34  34   0   0  -1   0
1985   4  32  33  33  35  36   0   0   0   0
1984   4  24  25  30  30  32   0   0   1   0
1983   4  28  27  26  24  24   0   0   0   1
1982   4  31  30  29  28  28   0   0   0   0
1981   4  28  28  31  31  31   0   0   0   0
1980   4  29  28  28  27  28   0   0   0   0
1979   4  31  30  29  30  29   0   0   0   0
1978   4  27  26  29  30  31   0   0   0   0
1976   4  32  31  29  27  27   0   0   0   0
1975   4  29  30  31  31  32   0   0   0   0
1974   4  29  27  27  28  29   0   0   0   0
1973   4  33  32  31  30  29   0   0   0   0
1972   4  29  29  32  33  34   0   0   0   0
1971   4  33  31  29  29  29   0   0   0   0
1970   4  33  32  33  32  34   0   0   1   0
1969   4  34  34  34  35  34   0   0   0   0
1968   4  30  32  32  33  34   1   0   0   0
1967   4  30  30  29  30  30   0   0   0   0
1966   4  32  31  30  30  30   0   0   0   0
1965   4  36  34  32  32  32   0   0   0   0
1964   4  41  39  38  38  38   0   0   0   0
1962   4  42  43  44  45  46   0   0   0   0
1961   4  43  41  41  42  43   0   0   0   0
1960   4 999 999 999 999 999   0   0   0   0
1959   4  34  35  36  37  38   0   0   0   0
1958   4  32  33  34  34  35   0   0   0   0
1957   4  29  29  30  31  32   0   0   0   0
1956   4  33  32  31  30  29   0   0   0   0
1955   6  36  36  35  34  34  34  33   0   0   0   0   0   0
1954   6  36  36  37  37  37  37  37   0   0   0   0   0   0
1953   6  30  31  32  33  34  35  36   0   0   0   0   0   0
1952   6  28  27  27  28  29  30  30   0   0   0   0   0   0
1951   6  32  32  31  30  29  29  28   0   0   0   0   0   0
1950   6  29  29  30  31  31  31  32   0   0   0   0   0   0
1949   4  31  31  30  30  29   0   0   0   0
1948   6  28  28  29  30  31  31  31   0   0   0   0   0   0
1947   6  33  33  32  31  30  29  28   0   0   0   0   0   0
1946   6 999 999 999 999 999 999 999   0   0   0   0   0   0
1938   6  35  35  36  37  38  38  39   0   0   0   0   0   0
1937   6  42  41  39  38  37  36  35   0   0   0   0   0   0
1936   6 999 999 999 999 999 999 999   0   0   0   0   0   0
1935   6 999 999 999 999 999 999 999   0   0   0   0   0   0
1934   6 999 999 999 999 999 999 999   0   0   0   0   0   0
1933   6 999 999 999 999 999 999 999   0   0   0   0   0   0
1932   6  38  38  37  36  35  34  33   0   0   0   0   0   0
1931   6 999 999 999 999 999 999 999   0   0   0   0   0   0
1930   6 999 999 999 999 999 999 999   0   0   0   0   0   0
1929   4 999 999 999 999 999   0   0   0   0
1928   6  33  33  33  33  33  32  32   0   0   0   0   0   0
1927   6 999 999 999 999 999 999 999   0   0   0   0   0   0
1926   6 999 999 999 999 999 999 999   0   0   0   0   0   0
1925   6  33  32  31  30  30  30  29   0   0   0   0   0   0
