Year NDay Positions each day    ; Flags -1=norace, 1=bumped & got bumped
2023   4  56  59  57  56  56   1   0   0   0
2022   4  46  49  51  50  58   0   0   0   0
2021   4  37  37  38  40  44   0   0   0   0
2019   4  37  40  40  41  41   0   0   0   0
2018   4  36  37  37  37  37   0  -1   0  -1
2017   4  38  36  37  38  36   0   0   0   0
2016   4  35  36  35  37  38   0   0   0   0
2015   4  40  39  38  36  35   0   0   0   0
2013   4  43  42  42  41  40   0   0   0   0
2012   4  48  47  45  44  44   0   0   0   0
2011   4  43  42  41  47  49   0   0   0   0
2010   4  38  38  41  42  44  -1   0   0   0
2009   4  37  36  37  37  37   0   0   0   0
2008   4  38  39  38  36  37   0   0   0   0
2006   4  46  45  44  43  43   0   0   0   0
2005   4  43  44  46  49  48   0   0   0   0
2004   4  46  45  44  45  44   0   0   0   0
2003   4  49  48  46  46  46   0   0   0  -1
2001   4 999 999 999 999 999   0   0   0   0
1999   4  39  39  39  39  47  -1  -1  -1   0
1998   4  46  45  44  43  43   0   0   0  -1
1997   4  33  37  40  44  45   0   0   0   0
1996   4  34  33  34  33  33   0   0   0   0
1995   4 999 999 999 999 999   0   0   0   0
1994   4  33  35  35  35  35   0  -1  -1  -1
1993   4  35  36  36  35  33   0   0   0   0
1992   4  40  39  38  36  35   0   0   0   0
1991   4  52  51  50  48  47   0   0   0   0
1989   4 999 999 999 999 999   0   0   0   0
1988   4  33  37  40  43  49   0   0   0   0
1987   4  36  35  35  34  33   0   1   0   0
1986   4  35  37  36  36  36   0   0  -1   0
