Year NDay Positions each day    ; Flags -1=norace, 1=bumped & got bumped
2023   4   4   5   5   5   5   0   0   0   0
2022   4   3   3   4   4   4   0   0   0   0
2019   4   4   3   3   3   3   0   0   0   0
2018   4   4   4   4   4   4   0   0   0   0
2017   4   4   4   4   4   4   0   0   0   0
2016   4   3   3   3   3   4   0   0   0   0
2015   4   2   3   3   3   3   0   0   0   0
2014   4   1   1   2   2   2   0   0   0   0
2013   4   2   1   1   1   1   0   0   0   0
2012   4   2   2   2   2   2   0   0   0   0
2011   4   3   3   2   2   2   0   0   0   0
2010   4   2   3   3   3   3   0   0   0   0
2009   4   5   4   3   2   2   0   0   0   0
2008   4   2   3   4   5   5   0   0   0   0
2007   4   2   2   2   2   2   0   0   0   0
2006   4   3   2   2   2   2   0   0   0   0
2005   4   3   3   3   3   3   0   0   0   0
2004   4   1   2   3   3   3   0   0   0   0
2003   4   2   1   1   1   1   0   0   0   0
2002   4   2   2   2   2   2   0   0   0   0
2001   4   2   2   2   2   2   0   0   0   0
2000   4   2   2   2   2   2   0   0   0   0
1999   4   2   2   2   2   2   0   0   0   0
1998   4   3   2   2   2   2   0   0   0   0
1997   4   3   3   3   3   3   0   0   0   0
1996   4   1   2   2   2   3   0   0   0   0
1995   4   2   2   1   1   1   0   0   0   0
1994   4   2   2   2   2   2   0   0   0   0
1993   4   2   2   2   2   2   0   0   0   0
1992   4   4   3   2   2   2   0   0   0   0
1991   4   8   7   6   5   4   0   0   0   0
1990   4   8   7   7   8   8   0   0   0   0
1989   4   7   7   7   8   8   0   0   0   0
1988   4   7   7   7   7   7   0   0   0   0
1987   4  11  10   9   8   7   0   0   0   0
1986   4   8   9  10  10  11   0   0   0   0
1985   4   6   6   7   7   8   0   0   0   0
1984   4  10   9   8   7   6   0   0   0   0
1983   4   9   8   8   9  10   0   0   0   0
1982   4   8   8   8   9   9   0   0   0   0
1981   4  11  11  10   9   8   0   0   0   0
1980   4  10  13  12  12  11   0   0   0   0
1979   4  14  13  12  11  10   0   0   0   0
1978   4  18  17  16  15  14   0   0   0   0
1977   4  22  21  20  19  18   0   0   0   0
1976   4  20  20  21  22  22   0   0   0   0
1975   4  16  17  18  19  20   0   0   0   0
1974   4  15  15  15  16  16   0   0   0   0
1973   4  18  18  17  16  15   0   0   0   0
1972   4  22  19  19  18  18   0   0   0   0
1971   4  21  20  20  21  22   0   0   0   0
1970   4  19  20  20  21  21   0   0   0   0
1969   4  20  21  21  20  19   0   0   0   0
1968   4  16  17  18  19  20   0   0   0   0
1967   4  19  18  17  17  16   0   0   0   0
1966   4  22  22  21  20  19   0   0   0   0
1965   4  25  24  23  22  22   0   0   0   0
1964   4  23  24  24  25  25   0   0   0   0
1963   4  19  20  21  22  23   0   0   0   0
1962   4  16  17  18  19  19   0   0   0   0
1961   4  15  15  15  15  16   0   0   0   0
1960   4  16  15  14  14  15   0   0   0   0
1959   4  14  14  14  15  16   0   0   0   0
1958   4  16  15  14  14  14   0   0   0   0
1957   4  18  18  18  17  16   0   0   0   0
1956   4  18  19  19  19  18   0   0   0   0
1955   4  16  16  17  18  18   0   0   0   0
1954   4  13  14  14  15  16   0   0   0   0
1953   6  15  16  16  15  14  13  13   0   0   0   0   0   0
1952   6   9  10  11  12  13  14  15   0   0   0   0   0   0
1951   6  12  12  11  11  10   9   9   0   0   0   0   0   0
1950   6  13  13  13  13  13  12  12   0   0   0   0   0   0
1949   6  12  13  13  13  13  13  13   0   0   0   0   0   0
1948   6  12  12  12  11  11  12  12   0   0   0   0   0   0
1947   6  15  14  13  13  12  12  12   0   0   0   0   0   0
1946   6  11  11  12  13  13  14  15   0   0   0   0   0   0
1938   6  10  11  11  11  11  11  11   0   0   0   0   0   0
1937   6  15  15  14  13  12  11  10   0   0   0   0   0   0
1936   6  15  15  15  15  16  16  15   0   0   0   0   0   0
1935   6  16  15  14  14  15  15  15   0   0   0   0   0   0
1934   6  14  14  14  15  15  15  16   0   0   0   0   0   0
1933   6  12  13  13  14  13  13  14   0   0   0   0   0   0
1932   6   7   8   9   9  10  11  12   0   0   0   0   0   0
1931   6   5   5   5   6   7   7   7   0   0   0   0   0   0
1930   6   8   7   6   5   5   5   5   0   0   0   0   0   0
1929   6  12  12  11  11  10   9   8   0   0   0   0   0   0
1928   6  11  10  10  11  12  12  12   0   0   0   0   0   0
1927   6  15  15  15  14  13  12  11   0   0   0   0   0   0
1926   4  13  13  14  14  15   0   0   0   0
1925   6  11  12  13  13  13  13  13   0   0   0   0   0   0
1924   6   8   8   8   9  10  10  11   0   0   0   0   0   0
1923   6  15  14  12  11  10   9   8   0   0   0   0   0   0
1922   6  20  19  19  18  17  16  15   0   0   0   0   0   0
1921   6  20  21  21  21  21  20  20   0   0   0   0   0   0
1920   6  15  15  16  17  18  19  20   0   0   0   0   0   0
1914   6  17  17  16  16  16  16  15   0   0   0   0   0   0
1913   6  15  16  16  16  16  16  17   0   0   0   0   0   0
1912   6  13  13  12  13  13  14  15   0   0   0   0   0   0
1911   6  16  15  14  14  14  14  13   0   0   0   0   0   0
1910   4  17  17  17  16  16   0   0   0   0
1909   6  16  16  16  17  17  17  17   0   0   0   0   0   0
1908   6  11  12  13  14  14  15  16   0   0   0   0   0   0
1907   6   7   8   8   8   9  10  11   0   0   0   0   0   0
1906   6  12  11  10   9   8   8   7   0   0   0   0   0   0
1905   6  10  10  11  12  12  12  12   0   0   0   0   0   0
1904   6   7   8   9   9   9  10  10   0   0   0   0   0   0
1903   6   5   5   6   6   6   7   7   0   0   0   0   0   0
1902   6   6   5   5   5   5   5   5   0   0   0   0   0   0
1901   6   7   7   7   6   6   6   6   0   0   0   0   0   0
1900   6  12  10   9   8   7   7   7   0   0   0   0   0   0
1899   6  15  15  14  14  13  13  12   0   0   0   0   0   0
1898   6  12  12  13  14  15  15  15   0   0   0   0   0   0
1897   6  12  12  12  12  12  12  12   0   0   0   0   0   0
1896   6  13  13  12  12  12  12  12   0   0   0   0   0   0
1895   6  12  13  13  14  14  13  13   0   0   0   0   0   0
1894   6   9  10  11  11  12  12  12   0   0   0   0   0   0
1893   6   7   7   7   8   9   9   9   0   0   0   0   0   0
1892   6   8   7   7   7   7   7   7   0   0   0   0   0   0
1891   6  13  11  10   9   8   8   8   0   0   0   0   0   0
1890   6  14  13  13  13  13  13  13   0   0   0   0   0   0
1889   6  13  13  13  13  13  14  14   0   0   0   0   0   0
1888   6  10  11  11  12  12  12  13   0   0   0   0   0   0
1887   6  10  10   9   8   8   9  10   0   0   0   0   0   0
1886   6   8   8   8   8   8   9  10   0   0   0   0   0   0
1885   6  10   9   8   8   8   8   8   0   0   0   0   0   0
1884   6   6   6   7   7   8   9  10   0   0   0   0   0   0
1883   6   9   8   7   8   8   7   6   0   0   0   0   0   0
1882   6  14  13  12  10   9   9   9   0   0   0   0   0   0
1881   6   9  10  10  11  12  13  14   0   0   0   0   0   0
1880   6   4   5   6   7   8   9   9   0   0   0   0   0   0
1879   6   3   3   4   5   5   5   4   0   0   0   0   0   0
1878   6   2   3   3   3   3   3   3   0   0   0   0   0   0
1877   8   3   3   3   3   2   2   2   2   2   0   0   0   0   0   0   0   0
1876   8   3   3   3   3   3   3   3   3   3   0   0   0   0   0   0   0   0
1875   8   3   3   3   3   3   3   3   3   3   0   0   0   0   0   0   0   0
1874   8   2   2   2   1   1   1   2   3   3   0   0   0   0   0   0   0   0
1873   8   1   1   2   2   2   2   2   2   2   0   0   0   0   0   0   0   0
1872   8   4   3   2   1   1   1   1   1   1   0   0   0   0   0   0   0   0
1871   8   8   7   7   7   6   5   4   4   4   0   0   0   0   0   0   0   0
1870   8  11  11  10   9   8   8   8   8   8   0   0   0   0   0   0   0   0
1869   8   9  10  11  11  11  11  11  11  11   0   0   0   0   0   0   0   0
1868   8  14  14  13  12  12  11  11  10   9   0   0   0   0   0   0   0   0
1867   8   8   8   9  10  10  11  12  13  14   0   0   0   0   0   0   0   0
1866   8  10   9   9   9   9   9   8   8   8   0   0   0   0   0   0   0   0
1865   8   8   9   9   9   9   9  10  11  11   0   0   0   0   0   0   0   0
1864   8   8   8   8   8   8   8   8   8   8   0   0   0   0   0   0   0   0
1863   8  11  11  11  10  10  10   9   9   8   0   0   0   0   0   0   0   0
1862   8   8   8   8   9   9  10  11  11  11   0   0   0   0   0   0   0   0
1861   8   8   9   9   9   9   9   8   8   8   0   0   0   0   0   0   0   0
1860   8   6   6   7   8   8   7   7   8   8   0   0   0   0   0   0   0   0
1859   8   4   4   4   4   4   5   5   6   6   0   0   0   0   0   0   0   0
1858   8   5   4   4   4   4   4   4   4   4   0   0   0   0   0   0   0   0
1857   8  12  11   9   8   7   6   6   6   5   0   0   0   0   0   0   0   0
1856   8  10   9   9   9  10  10  10  11  12   0   0   0   0   0   0   0   0
1855   8   6   7   8   9 999 999 999 999 999   0   0   0   0   0   0   0   0
1854   8   5   5   5   5   5   5   6   7   7   0   0   0   0   0   0   0   0
1853   8   8   7   6   5   5   5   5   5   5   0   0   0   0   0   0   0   0
1852   8  11  10  10   9   8   8   8   8   8   0   0   0   0   0   0   0   0
1851   8  11  11  11  11  12  12  12  12  12   0   0   0   0   0   0   0   0
1850   8  11  10   9   9   9   9   9  10  11   0   0   0   0   0   0   0   0
1849   8   3   4   5   6   7   8   9  10  11   0   0   0   0   0   0   0   0
1848   8   3   4   4   4   4   3   3   3   3   0   0   0   0   0   0   0   0
1847   8   4   4   4   3   3   3   3   3   3   0   0   0   0   0   0   0   0
1846   8   6   6   5   5   5   5   5   5   5   0   0   0   0   0   0   0   0
1845   8   9   9   8   8   9   9   8   8   7   0   0   0   0   0   0   0   0
1844  10   5   6   7   7   8   8   9   9   9   9   9   0   0   0   0   0  -1   0   0   0   0
1843   8   6   5   4   4   4   3   4   5   5   0   0   0   0   0   0   0   0
1842   7  12  11  10  10   9   8   7   6   0   0   0   0   0   0   0
