Year NDay Positions each day    ; Flags -1=norace, 1=bumped & got bumped
2023   4  38  39  40  41  42   0   0   0   0
2022   4  39  39  38  38  38   0   0   0   0
2019   4  32  33  34  35  38   0   0   0   0
2018   4  34  33  32  32  32   0   0   0   0
2017   4  37  36  35  36  35   0   0   0   0
2016   4  41  40  39  39  38   0   0   0   0
2015   4  40  40  41  41  41   0   0   0   0
2014   4  36  36  37  38  39   0   0   0   0
2013   4  41  39  38  38  37   0   0   0   0
2012   4  44  43  42  42  41   0   0   0   0
2011   4  42  42  43  44  44   0   0   0   0
2010   4  39  39  40  41  42   0   0   0   0
2009   4  35  36  37  38  39   0   0   0   0
2008   4  32  33  34  35  35   0   0   0   0
2007   4  36  35  34  33  32   0   0   0   0
2006   4  38  37  37  37  36   0   0   0   0
2005   4  37  36  36  37  37   0   0   0   0
2004   4  41  40  39  38  38   0   0   0   0
2003   4  43  43  42  41  41   0   0   0   0
2002   4  42  42  43  44  44   0   0   0   0
2001   4  46  44  43  42  41   0   0   0   0
2000   4  45  45  45  44  47  -1   0   0   0
1999   4  46  45  45  46  46   0   0   0   0
1998   4  52  52  51  50  48   0   0   0   0
1997   4 999 999 999 999 999   0   0   0   0
1996   4  36  37  38  38  38   0   0   0   0
1995   4  33  34  34  35  36   0   0   0   0
1994   4  35  36  35  34  33   0   0   0   0
1993   4  36  35  35  35  35   0  -1  -1   0
1992   4  43  40  39  38  36   0   0   0   0
1991   4  43  43  44  44  43   0   0   0   0
1990   4  48  47  46  46  45   0   0   0   0
1989   4  54  55  52  51  50   0   0   0   0
1988   4 999 999 999 999 999   0   0   0   0
1987   4 999 999 999 999 999   0   0   0   0
1986   4  55  56  55  54  54   0   0   0   0
