Year NDay Positions each day    ; Flags -1=norace, 1=bumped & got bumped
2023   4   4   3   2   2   2   0   0   0   0
2022   4   2   2   3   3   4   0   0   0   0
2021   4   1   1   2   4   2   0   0   0   0
2019   4   3   3   2   2   2   0   0   0   0
2018   4   5   4   4   4   3   0  -1   0   0
2017   4   3   3   4   5   5   1   0   0   1
2016   4   5   4   4   3   3   0   0   0   0
2015   4   7   7   7   6   5   0   1   0   0
2013   4   6   5   5   6   7   0   0   0   0
2012   4   7   8   8   7   6   0   0   0   0
2011   4  11  10   9   8   7   0   0   0   0
2010   4  12  13  13  12  11   0   0   0   0
2009   4   8   8   7  10  12   0   0   0   0
2008   4  12  11  10   9   8   0   0   0   0
2006   4  11  13  12  11  12   0   0   0   0
2005   4   6   9   8   9  11   0   0   0   0
2004   4   5   7   7   6   6   0   0   0   0
2003   4   6   5   5   5   5   0   0   0  -1
2001   4   4   4   4   6   6   1   0   0   0
1999   4  10   8   7   6   5   0   0   0   0
1998   4  11   9   9  10  10   0   0   0  -1
1997   4   6   8  10  11  11   0   0   0   0
1996   4   7   6   6   6   6   0   0   0   0
1995   4   8   8   8   8   7   0   0   0   0
1994   4   7   8   8   8   8   0  -1  -1  -1
1993   4   8   7   7   7   7   0   0   0   0
1992   4  12  11  10   9   8   0   0   0   0
1991   4  11  11  12  13  12   0   0   0   0
1989   4  11  10  11  10  11   0   0   0   0
1988   4  15  14  12  11  11   0   0   0   0
1987   4  14  15  15  14  15   0   0   0   0
1986   4  12  13  13  13  14   0   0  -1   0
1985   4   9   9   8  10  12   0   0   0   0
1984   4  10   9   9   9   9   0   0   0   0
1983   4  14  14  12  11  10   0   0   0   0
1982   4  19  18  16  14  14   0   0   0   0
1981   4  23  22  22  21  19   0   0   0   0
1980   4  24  25  24  24  23   0   0   0   0
