Year NDay Positions each day    ; Flags -1=norace, 1=bumped & got bumped
2023   4  57  56  55  54  54   0   0   0   0
2022   4 999 999 999 999 999   0   0   0   0
2021   4  53  51  50  49  48   0   0   0   0
2019   4  64  64  65  64  64   0   0   0   1
2018   4  72  72  72  72  72   1  -1   0  -1
2017   4 999 999 999 999 999   0   0   0   0
2016   4  52  56  59  61  62   0   0   0   0
2015   4  55  54  53  53  52   0   0   0   0
2013   4  60  58  58  57  55   0   0   0   0
2012   4  61  62  60  60  61   0   0   1   0
2011   4  46  49  61  62  61   0   0   0   0
2010   4  46  46  45  44  46  -1   0   0   0
2009   4  43  44  45  45  46   0   0   0   0
2008   4  48  46  45  44  43   0   0   0   0
2006   4  56  54  53  52  51   0   0   0   0
2005   4  54  56  56  56  56   0   0   1   0
2004   4  58  57  57  56  54   0   0   0   0
2003   4  51  51  52  56  56   0   0   0  -1
2001   4  50  50  50  46  46  -1   0   0   0
1999   4  65  65  65  65  63  -1  -1  -1   0
1998   4  71  70  70  68  68   0   0   0  -1
1997   4  74  74  80  81  82   0   0   0   0
1996   4  78  80  81  81  82   0   0   0   0
1995   4 999 999 999 999 999   0   0   0   0
1994   4 999 999 999 999 999   0   0   0   0
1993   4 999 999 999 999 999   0   0   0   0
1992   4 999 999 999 999 999   0   0   0   0
1991   4 999 999 999 999 999   0   0   0   0
1990   4 999 999 999 999 999   0   0   0   0
1989   4  87  87  86  84  83   0   0   0   0
1988   4 999 999 999 999 999   0   0   0   0
1987   4 999 999 999 999 999   0   0   0   0
1986   4 999 999 999 999 999   0   0   0   0
1985   4 999 999 999 999 999   0   0   0   0
1984   4 999 999 999 999 999   0   0   0   0
1983   4  65  64  66  68  67   0   0   0   0
1982   4  81  80  79  80  80   0   0   0   0
1981   4 999 999 999 999 999   0   0   0   0
1980   4 999 999 999 999 999   0   0   0   0
1979   4 999 999 999 999 999   0   0   0   0
1978   4 999 999 999 999 999   0   0   0   0
1976   4  55  56  56  56  55   0   0   0   0
1975   4  53  52  50  51  51   0   0   0   0
1974   4  42  42  43  43  46   0   0   1   0
1973   4  38  38  40  44  43   0   0   0   0
1972   4  39  38  38  44  42   0   0   0   0
1971   4  51  45  44  41  39   0   0   0   0
