Year NDay Positions each day    ; Flags -1=norace, 1=bumped & got bumped
2023   4   6   6   7   7   6   0   0   0   0
2022   4   2   5   6   6   6   0   0   0   0
2019   4   1   1   2   2   2   0   0   0   0
2018   4   2   1   1   1   1   0   0   0   0
2017   4   2   2   2   2   2   0   0   0   0
2016   4   2   2   2   2   2   0   0   0   0
2015   4   4   3   2   2   2   0   0   0   0
2014   4   4   5   5   4   4   0   0   0   0
2013   4   1   1   2   3   4   0   0   0   0
2012   4   2   1   1   1   1   0   0   0   0
2011   4   4   4   3   2   2   0   0   0   0
2010   4   8   7   6   5   4   0   0   0   0
2009   4   6   6   7   7   8   0   0   0   0
2008   4   3   3   4   5   6   0   0   0   0
2007   4   3   3   3   3   3   0   0   0   0
2006   4   3   3   2   2   3   0   0   0   0
2005   4   2   2   3   3   3   0   0   0   0
2004   4   1   1   1   2   2   0   0   0   0
2003   4   1   1   1   1   1   0   0   0   0
2002   4   1   1   1   1   1   0   0   0   0
2001   4   1   1   1   1   1   0   0   0   0
2000   4   2   1   1   1   1   0   0   0   0
1999   4   5   4   3   2   2   0   0   0   0
1998   4   5   6   6   5   5   0   0   0   0
1997   4   5   5   4   4   5   0   0   0   0
1996   4   4   4   5   5   5   0   0   0   0
1995   4   3   3   4   4   4   0   0   0   0
1994   4   3   3   2   2   3   0   0   0   0
1993   4   4   3   2   2   3   0   0   0   0
1992   4   5   4   3   3   4   0   0   0   0
1991   4   2   3   4   5   5   0   0   0   0
1990   4   4   4   3   2   2   0   0   0   0
1989   4   5   5   4   4   4   0   0   0   0
1988   4   8   7   6   6   5   0   0   0   0
1987   4  10  10  10   9   8   0   0   0   0
1986   4  14  13  12  11  10   0   0   0   0
1985   4  12  13  13  14  14   0   0   0   0
1984   4  16  15  14  12  12   0   0   0   0
1983   4  19  18  18  17  16   0   0   0   0
1982   4  23  22  21  20  19   0   0   0   0
1981   4  20  21  22  22  23   0   0   0   0
1980   4  22  22  21  21  20   0   0   0   0
