Year NDay Positions each day    ; Flags -1=norace, 1=bumped & got bumped
2023   4  81  80  80  80  79   0   0   0   0
2022   4 999 999 999 999 999   0   0   0   0
2019   4 999 999 999 999 999   0   0   0   0
2018   4  70  69  61  60  59   0   0   0   0
2017   4  75  74  74  73  72   0   0   0   0
2016   4  72  73  74  75  76   0   0   0   0
2015   4  75  74  73  74  75   0   0   0   0
2014   4  80  79  78  77  76   0   0   0   0
2013   4  89  89  88  87  86   0   0   0   0
2012   4 999 999 999 999 999   0   0   0   0
2011   4  80  80  81  82  81   0   0   0   0
2010   4 999 999 999 999 999   0   0   0   0
2009   4 999 999 999 999 999   0   0   0   0
2008   4  63  63  63  63  62   0   0   0   0
2007   4  57  57  61  64  65   0   0   0   0
2006   4  61  60  58  57  57   0   0   0   0
2005   4  59  59  58  58  61   0   0   0   0
2004   4  62  61  60  59  59   0   0   0   0
2003   4  66  65  64  63  62   0   0   0   0
2002   4  71  70  69  68  67   0   0   0   0
2001   4  74  73  72  71  70   0   0   0   0
2000   4  88  88  88  85  82  -1  -1   0   0
1999   4  91  92  93  94  95   0   0   0   0
1998   4 999 999 999 999 999   0   0   0   0
1997   4  92  93  93  93  94   0   0   0   0
1996   4 999 999 999 999 999   0   0   0   0
1995   4  92  97  97  97  97   0   0   0   0
1994   4 999 999 999 999 999   0   0   0   0
1993   4 999 999 999 999 999   0   0   0   0
1992   4  79  80  79  80  81   0   0   0   0
1991   4  87  86  84  83  83   0   0   0   0
1990   4  95  92  91  90  89   0   0   0   0
1989   4 106 105 104 103 103   0   0   0   0
1988   4 999 999 999 999 999   0   0   0   0
1987   4 999 999 999 999 999   0   0   0   0
1986   4 999 999 999 999 999   0   0   0   0
1985   4 999 999 999 999 999   0   0   0   0
1984   4  78  79  80  81  82   0   0   0   0
1983   4  92  91  90  90  89   0   0   0   0
1982   4  86  86  87  87  86   0   0   0   0
1981   4  94  94  94  93  93   0   0   0   0
1980   4  74  74  75  76  77   0   0   0   0
1979   4  84  85  85  84  83   0   0   0   0
1978   4 103 102 101 102 101   0   0   0   0
1977   4  82  83  84  85  86   0   0   0   0
1976   4  85  84  83  82  82   0   0   0   0
1975   4  84  85  85  86  85   0   0   0   0
1974   4  80  81  81  84  85   0   0   0   0
1973   4  78  78  78  78  79   0   0   0   0
1972   4  80  79  78  77  78   0   0   0   0
1971   4  82  81  81  80  80   0   0   0   0
1970   4  78  79  80  81  82   0   0   0   0
1969   4  76  75  76  77  78   0   0   0   0
1968   4  74  74  75  76  77   0   0   0   0
1967   4  78  77  76  75  74   0   0   0   0
1966   4  82  81  80  79  79   0   0   0   0
1965   4 999 999 999 999 999   0   0   0   0
1964   4  80  81  81  80  79   0   0   0   0
1963   4 999 999 999 999 999   0   0   0   0
1962   4 999 999 999 999 999   0   0   0   0
1961   4 999 999 999 999 999   0   0   0   0
1960   4 999 999 999 999 999   0   0   0   0
1959   4  68  68  69  70  71   0   0   0   0
1958   4  74  74  72  71  70   0   0   0   0
1957   4  75  76  77  77  76   0   0   0   0
1956   4  82  81  80  79  78   0   0   0   0
1955   4 999 999 999 999 999   0   0   0   0
1954   4  66  66  67  68  68   0   0   0   0
1953   6  72  71  70  69  68  67  66   0   0   0   0   0   0
1952   6  68  69  70  70  71  71  72   0   0   0   0   0   0
1951   6  77  76  75  74  72  71  68   0   0   0   0   0   0
1950   6  83  82  81  80  79  78  77   0   0   0   0   0   0
