Year NDay Positions each day    ; Flags -1=norace, 1=bumped & got bumped
2022   4  75  76  77  78  79   0   0   0   0
2019   4 999 999 999 999 999   0   0   0   0
2018   4  60  61  62  62  62   0   0   0   0
2017   4  60  60  61  61  61   0   0   0   0
2016   4  66  65  64  63  63   0   0   0   0
2015   4  67  66  66  67  70   0   0   0   0
2014   4  65  66  67  68  69   0   0   0   0
2013   4  70  71  72  72  71   0   0   0   0
2012   4  79  79  78  77  77   0   0   0   0
2011   4 999 999 999 999 999   0   0   0   0
2010   4 999 999 999 999 999   0   0   0   0
2009   4  61  62  62  63  64   0   0   0   0
2008   4  61  62  63  64  65   0   0   0   0
2007   4  59  59  60  60  61   0   0   0   0
2006   4  61  62  62  63  63   0   0   0   0
2005   4  62  62  63  64  65   0   0   0   0
2004   4  63  64  64  64  65   0   0   0   0
2003   4  73  73  73  72  71   0   0   0   0
2002   4 999 999 999 999 999   0   0   0   0
2001   4 999 999 999 999 999   0   0   0   0
2000   4 999 999 999 999 999   0   0   0   0
1999   4 999 999 999 999 999   0   0   0   0
1998   4  59  60  61  61  61   0   0   0   0
1997   4 999 999 999 999 999   0   0   0   0
1996   4 999 999 999 999 999   0   0   0   0
1995   4 999 999 999 999 999   0   0   0   0
1994   4 999 999 999 999 999   0   0   0   0
1993   4 999 999 999 999 999   0   0   0   0
1992   4  48  49  50  50  51   0   0   0   0
1991   4  51  50  49  49  48   0   0   0   0
1990   4  55  56  57  58  58   0   0   0   0
1989   4  58  59  60  61  61   0   0   0   0
