Year NDay Positions each day    ; Flags -1=norace, 1=bumped & got bumped
2023   4  77  78  78  79  80   0   0   0   0
2022   4 999 999 999 999 999   0   0   0   0
2019   4  58  59  60  60  61   0   0   0   0
2018   4  62  61  66  67  66   0   0   0   0
2017   4  59  60  61  62  63   0   0   0   0
2016   4  59  59  58  59  59   0   0   0   0
2015   4  62  62  61  60  59   0   0   0   0
2014   4  57  58  59  60  61   0   0   0   0
2013   4  64  63  60  59  58   0   0   0   0
2012   4  62  63  63  64  64   0   0   0   0
2011   4  59  60  61  62  63   0   0   0   0
2010   4  60  60  60  59  59   0   0   0   0
2009   4  57  58  59  59  60   0   0   0   0
2008   4  57  57  57  56  56   0   0   0   0
2007   4  54  55  56  57  58   0   0   0   0
2006   4  51  54  53  53  54   0   0   0   0
2005   4  52  53  53  52  51   0   0   0   0
2004   4  53  52  51  51  52   0   0   0   0
2003   4  54  53  53  53  53   0   0   0   0
2002   4  56  56  55  54  54   0   0   0   0
2001   4  58  57  56  55  55   0   0   0   0
2000   4  56  59  58  58  59   0   0   0   0
1999   4  59  58  58  57  56   0   0   0   0
1998   4  64  63  62  60  59   0   0   0   0
1997   4  62  63  64  65  66   0   0   0   0
1996   4  65  65  64  63  62   0   0   0   0
1995   4  63  64  65  65  64   0   0   0   0
1994   4  65  64  64  63  63   0   0   0   0
1993   4  66  66  66  66  65   0  -1  -1   0
1992   4  71  70  67  67  66   0   0   0   0
1991   4  74  74  73  72  71   0   0   0   0
1990   4  68  69  70  71  72   0   0   0   0
1989   4  74  72  71  70  69   0   0   0   0
1988   4  72  73  73  74  75   0   0   0   0
1987   4  66  69  70  71  72   0   0   0   0
1986   4  63  64  65  65  66   0   0   0   0
1985   4  59  60  61  62  63   0   0   0   0
1984   4  55  56  57  58  59   0   0   0   0
1983   4  58  57  56  55  55   0   0   0   0
1982   4  63  62  60  59  58   0   0   0   0
1981   4  61  62  62  63  63   0   0   0   0
1980   4  59  60  60  60  61   0   0   0   0
1979   4  61  61  60  60  59   0   0   0   0
1978   4  57  58  59  60  61   0   0   0   0
1977   4  53  54  55  56  57   0   0   0   0
1976   4  49  50  51  52  53   0   0   0   0
1975   4  45  46  47  48  49   0   0   0   0
1974   4  44  43  43  44  45   0   0   0   0
1973   4  47  46  46  45  44   0   0   0   0
1972   4  51  50  48  47  46   0   0   0   0
1971   4  55  54  53  52  51   0   0   0   0
1970   4  57  57  56  56  55   0   0   0   0
1969   4  62  60  59  58  57   0   0   0   0
1968   4  62  63  63  63  62   0   0   0   0
1967   4  60  61  61  62  62   0   0   0   0
1966   4  57  58  58  59  60   0   0   0   0
1965   4  57  58  58  58  58   0   0   0   0
1964   4  56  55  55  56  57   0   0   0   0
1963   4  59  59  58  57  56   0   0   0   0
1962   4  58  58  58  59  59   0   0   0   0
1961   4  58  59  59  58  58   0   0   0   0
1960   4  58  58  58  59  58   0   0   0   0
1959   4  61  60  59  59  58   0   0   0   0
1958   4  57  58  59  60  61   0   0   0   0
1957   4  56  56  56  57  58   0   0   0   0
1956   4  58  57  56  56  56   0   0   0   0
1955   4  62  62  60  59  59   0   0   0   0
1954   4  65  65  65  64  63   0   0   0   0
1953   6  61  61  62  63  64  65  65   0   0   0   0   0   0
1952   6  58  57  57  58  59  60  61   0   0   0   0   0   0
1951   6  55  55  56  56  56  57  58   0   0   0   0   0   0
1950   6  60  59  59  58  57  56  55   0   0   0   0   0   0
1949   6  61  62  61  61  62  61  60   0   0   0   0   0   0
1948   6  56  57  58  59  60  61  62   0   0   0   0   0   0
1947   6  58  58  57  57  57  57  56   0   0   0   0   0   0
1946   6  54  55  56  57  58  58  58   0   0   0   0   0   0
1938   6  62  62  61  60  59  58  58   0   0   0   0   0   0
1937   6 999 999 999 999 999 999 999   0   0   0   0   0   0
1936   6 999 999 999 999 999 999 999   0   0   0   0   0   0
1935   6 999 999 999 999 999 999 999   0   0   0   0   0   0
1934   6 999 999 999 999 999 999 999   0   0   0   0   0   0
1933   6 999 999 999 999 999 999 999   0   0   0   0   0   0
1932   6  49  48  49  49  49  49  49   0   0   0   0   0   0
1931   6  50  50  50  50  50  50  50   0   0   0   0   0   0
