Year NDay Positions each day    ; Flags -1=norace, 1=bumped & got bumped
2023   4  35  34  33  32  31   0   0   0   0
2022   4  34  34  34  34  35   0   0   0   0
2019   4  36  36  35  34  34   0   0   0   0
2018   4  35  35  36  36  36   0   0   0   0
2017   4  35  35  36  35  36   0   0   0   0
2016   4  34  34  35  36  36   0   0   0   0
2015   4  31  32  32  33  34   0   0   0   0
2014   4  26  27  28  29  30   0   0   0   0
2013   4  28  27  27  26  27   0   0   0   0
2012   4  25  26  27  27  28   0   0   0   0
2011   4  24  23  23  24  25   0   0   0   0
2010   4  20  21  22  23  24   0   0   0   0
2009   4  20  20  19  19  20   0   0   0   0
2008   4  16  17  18  19  20   0   0   0   0
2007   4  12  13  14  15  16   0   0   0   0
2006   4   8   9  10  11  12   0   0   0   0
2005   4  10   9   9   8   8   0   0   0   0
2004   4  15  14  12  11  10   0   0   0   0
2003   4  20  19  18  18  15   0   0   0   0
2002   4  24  23  22  21  20   0   0   0   0
2001   4  29  28  27  26  24   0   0   0   0
2000   4  29  29  30  30  29   0   0   0   0
1999   4  30  29  29  30  30   0   0   0   0
1998   4  26  27  28  29  30   0   0   0   0
1997   4  29  29  28  27  26   0   0   0   0
1996   4  32  31  31  30  29   0   0   0   0
1995   4  31  31  32  32  32   0   0   0   0
1994   4  34  34  33  32  31   0   0   0   0
1993   4  33  34  34  34  34   0  -1  -1   0
1992   4  31  32  32  32  33   0   0   0   0
1991   4  31  32  32  31  31   0   0   0   0
1990   4  28  28  29  30  31   0   0   0   0
1989   4  24  25  26  27  28   0   0   0   0
1988   4  23  24  25  25  24   0   0   0   0
1987   4  26  24  24  24  23   0   0   0   0
1986   4  29  29  28  27  26   0   0   0   0
1985   4  29  28  28  28  29   0   0   0   0
1984   4  29  30  30  30  29   0   0   0   0
1983   4 999 999 999 999 999   0   0   0   0
1982   4  32  32  33  34  34   0   0   0   0
1981   4  31  31  31  30  29   0   0   0   0
