Year NDay Positions each day
1938   6   63  63  63  63  63  63  63
1939   6  999 999 999 999 999 999 999
1946   6  999 999 999 999 999 999 999
1947   6  999 999 999 999 999 999 999
1948   6  999 999 999 999 999 999 999
1949   6   81  80  79  78  77  77  78
1950   6  999 999 999 999 999 999 999
1951   6  999 999 999 999 999 999 999
1952   6  999 999 999 999 999 999 999
1953   6  999 999 999 999 999 999 999
1954   4   80  79  78  77  76
1955   4   73  74  75  76  77
1956   4   75  76  76  75  74
1957   4  999 999 999 999 999
1958   4  999 999 999 999 999
1959   4  999 999 999 999 999
1960   4   81  82  83  84  84
1961   4   75  76  77  78  79
1962   4  999 999 999 999 999
1963   4  999 999 999 999 999
1964   4   77  77  78  79  80
1965   4  999 999 999 999 999
1966   4   91  91  92  93  94
1967   4   93  93  93  94  95
1968   4  999 999 999 999 999
1969   4  999 999 999 999 999
1970   4  999 999 999 999 999
1971   4  999 999 999 999 999
1972   4  107 106 107 107 107
1973   4  103 104 105 106 106
1974   4  999 999 999 999 999
1975   4  113 112 113 114 114
1976   4  102 102 103 104 104
1977   4   97  94  93  93  92
1978   4   89  90  90  89  89
1979   4   82  81  80  79  78
1980   4   79  78  78  78  79
1981   4   83  83  83  82  81
1982   4   91  90  89  88  89
1983   4  999 999 999 999 999
1984   4  999 999 999 999 999
1985   4  103 102 102 102 101
1986   4   97  97  97  97  96
1987   4  999 999 999 999 999
1988   4  999 999 999 999 999
1989   4  999 999 999 999 999
1990   4  999 999 999 999 999
1991   4  999 999 999 999 999
1992   4  999 999 999 999 999
1993   4  999 999 999 999 999
1994   4  999 999 999 999 999
1995   4  999 999 999 999 999
1996   4  999 999 999 999 999
1997   4  999 999 999 999 999
1998   4  999 999 999 999 999
1999   4  999 999 999 999 999
2000   4  999 999 999 999 999
2001   4  999 999 999 999 999
2002   4  999 999 999 999 999
2003   4  999 999 999 999 999
2004   4  999 999 999 999 999
2005   4  999 999 999 999 999
2006   4   80  80  80  79  79
2007   4   74  74  75  72  71
2008   4  999 999 999 999 999
2009   4  999 999 999 999 999
2010   4  999 999 999 999 999
2011   4  999 999 999 999 999
2012   4  999 999 999 999 999
2013   4  999 999 999 999 999
2014   4  999 999 999 999 999
2015   4   92  92  92  92  92
