Year NDay Positions each day    ; Flags -1=norace, 1=bumped & got bumped
2023   4  72  72  71  70  69   0   0   0   0
2022   4  70  73  74  75  76   0   0   0   0
2019   4  71  72  72  72  71   0   0   0   0
2018   4  77  78  79  79  79   0   0   0   0
2017   4 999 999 999 999 999   0   0   0   0
2016   4  61  62  63  64  65   0   0   0   0
2015   4  62  62  63  64  65   0   0   0   0
2014   4  59  60  61  62  63   0   0   0   0
2013   4  60  60  61  62  63   0   0   0   0
2012   4  59  59  60  60  60   0   0   0   0
2011   4  55  56  57  58  59   0   0   0   0
2010   4  56  57  58  59  59   0   0   0   0
2009   4  53  54  55  56  56   0   0   0   0
2008   4  51  51  52  53  53   0   0   0   0
2007   4  51  51  50  50  50   0   0   0   0
2006   4  52  53  54  54  54   0   0   0   0
2005   4  54  53  52  52  51   0   0   0   0
2004   4  54  55  55  54  53   0   0   0   0
2003   4  56  59  60  60  60   0   0   0   0
2002   4  57  58  59  59  58   0   0   0   0
2001   4  61  60  60  60  59   0   0   0   0
2000   4 999 999 999 999 999   0   0   0   0
1999   4 999 999 999 999 999   0   0   0   0
1998   4 999 999 999 999 999   0   0   0   0
1997   4 999 999 999 999 999   0   0   0   0
1996   4 999 999 999 999 999   0   0   0   0
1995   4 999 999 999 999 999   0   0   0   0
1994   4 999 999 999 999 999   0   0   0   0
1993   4  52  53  53  53  53   0  -1  -1   0
1992   4  57  57  58  57  57   0   0   0   0
1991   4 999 999 999 999 999   0   0   0   0
1990   4 999 999 999 999 999   0   0   0   0
1989   4  50  50  51  52  53   0   0   0   0
1988   4  50  51  52  53  54   0   0   0   0
1987   4  53  54  55  56  57   0   0   0   0
1986   4 999 999 999 999 999   0   0   0   0
1985   4 999 999 999 999 999   0   0   0   0
1984   4 999 999 999 999 999   0   0   0   0
1983   4 999 999 999 999 999   0   0   0   0
1982   4  41  41  41  41  40   0   0   0   0
1981   4  38  38  38  39  39   0   0   0   0
