Year NDay Positions each day    ; Flags -1=norace, 1=bumped & got bumped
2023   4  53  54  54  55  61   0   0   0   0
2022   4  59  58  57  56  55   0   0   0   0
2021   4  56  55  56  53  53   0   0   0   0
2019   4  71  70  69  68  69   0   0   0   0
2018   4 999 999 999 999 999   0   0   0   0
2017   4 999 999 999 999 999   0   0   0   0
2016   4 999 999 999 999 999   0   0   0   0
2015   4  66  65  64  63  62   0   0   0   0
2013   4 999 999 999 999 999   0   0   0   0
2012   4  67  66  68  70  69   0   0   0   0
2011   4  69  69  69  69  70   1   1   0   0
2010   4 999 999 999 999 999   0   0   0   0
2009   4 999 999 999 999 999   0   0   0   0
2008   4 999 999 999 999 999   0   0   0   0
2006   4  50  52  57  60  61   0   0   0   0
2005   4  49  48  49  50  50   0   0   0   0
2004   4  51  51  51  49  49   0   0   0   0
2003   4  53  52  51  50  50   0   0   0  -1
2001   4  44  44  44  49  48  -1   0   0   0
1999   4  52  51  50  49  50   0   0   0   0
1998   4  56  55  54  53  53   0   0   0  -1
1997   4  49  55  56  56  55   0   0   0   0
1996   4  48  49  50  49  49   0   0   0   0
1995   4 999 999 999 999 999   0   0   0   0
1994   4  44  48  48  48  48   0  -1  -1  -1
1993   4  47  45  44  44  43   0   0   0   0
1992   4  44  45  49  49  48   0   0   0   0
1991   4  45  44  44  43  43   0   0   0   0
1990   4 999 999 999 999 999   0   0   0   0
1989   4  49  48  47  46  45   0   0   0   0
1988   4  41  46  47  48  49   0   0   0   0
1987   4  43  43  42  42  42   0   0   0   0
1986   4  44  45  44  44  43   0   0  -1   0
1985   4  44  44  44  44  43   0   0   0   0
1984   4  38  38  40  42  43   0   0   0   0
1983   4  36  37  36  37  38   0   0   0   0
1982   4  29  32  34  35  36   0   0   0   0
1981   4  30  29  28  29  29   0   0   0   0
1980   4  26  26  27  30  30   0   0   0   1
1979   4  26  28  27  26  26   0   0   0   0
1978   4  32  29  28  27  26   0   0   0   0
1976   4  33  32  32  32  32   0   0   0   0
1975   4  34  34  33  33  33   0   0   0   0
1974   4  28  31  33  34  34   0   0   0   1
1973   4  30  29  29  28  28   0   1   0   0
1972   4  30  31  30  30  31   0   1   0   0
1971   4  34  34  33  31  30   0   0   0   0
1970   4  28  33  34  35  35   0   0   0   1
1969   4  30  30  29  28  28   0   0   0   0
1968   4  42  37  34  32  30   0   0   0   0
1967   4  42  41  41  41  42   0   1   0   0
1966   4  43  43  43  44  44   0   0   0   0
1965   4 999 999 999 999 999   0   0   0   0
1964   4  33  37  39  40  41   0   0   0   0
1962   4  32  31  32  33  33   0   0   0   0
1961   4  31  33  33  33  32   0   0   0   0
1960   4  27  28  30  30  31   0   1   0   0
1959   4  31  30  29  28  27   0   0   0   0
1958   4  33  32  32  31  32   0   0   0   0
1957   4  36  36  35  34  33   0   0   0   0
1956   4  32  33  34  35  36   0   0   0   0
1955   6  31  31  32  33  33  32  32   0   0   0   0   0   0
1954   6  33  33  34  34  33  32  32   0   0   0   0   0   0
1953   6  38  38  37  36  35  34  33   0   0   0   0   0   0
1952   6  44  43  42  41  40  39  38   0   0   0   0   0   0
1951   6  45  46  46  46  46  46  46   0   0   0   0   0   0
1950   6  45  45  46  46  46  46  46   0   0   0   0   0   0
1949   4  47  48  48  47  47   0   0   0   0
1948   6 999 999 999 999 999 999 999   0   0   0   0   0   0
1947   6 999 999 999 999 999 999 999   0   0   0   0   0   0
1946   6  31  32  33  32  33  33  33   0   0   0   0   0   0
1938   6  32  32  31  31  31  31  32   0   0   0   0   0   0
1937   6  37  37  36  35  34  33  32   0   0   0   0   0   0
1936   6  39  38  37  36  37  37  37   0   0   0   0   0   0
1935   6  34  35  36  37  38  39  40   0   0   0   0   0   0
1934   6  32  32  33  33  33  34  34   0   0   0   0   0   0
1933   6  38  37  36  35  35  35  34   0   0   0   0   0   0
1932   6 999 999 999 999 999 999 999   0   0   0   0   0   0
1931   6 999 999 999 999 999 999 999   0   0   0   0   0   0
1930   6 999 999 999 999 999 999 999   0   0   0   0   0   0
1929   4 999 999 999 999 999   0   0   0   0
1928   6 999 999 999 999 999 999 999   0   0   0   0   0   0
1927   6 999 999 999 999 999 999 999   0   0   0   0   0   0
1926   6 999 999 999 999 999 999 999   0   0   0   0   0   0
1925   6 999 999 999 999 999 999 999   0   0   0   0   0   0
1924   6  33  34  34  34  34  34  34   0   0   0   0   0   0
1923   6 999 999 999 999 999 999 999   0   0   0   0   0   0
1922   6  31  30  30  30  31  31  30   0   0   0   0   0   0
1921   6  34  33  32  31  31  31  31   0   0   0   0   0   0
1920   6  34  35  35  35  35  35  34   0   0   0   0   0   0
1914   6 999 999 999 999 999 999 999   0   0   0   0   0   0
1913   6 999 999 999 999 999 999 999   0   0   0   0   0   0
1912   6 999 999 999 999 999 999 999   0   0   0   0   0   0
1911   6 999 999 999 999 999 999 999   0   0   0   0   0   0
1910   6  32  32  33  34  34  34  34   0   0   0   0   0   0
1909   6  34  34  35  35  34  33  33   0   0   0   0   0   0
1908   6 999 999 999 999 999 999 999   0   0   0   0   0   0
1907   6 999 999 999 999 999 999 999   0   0   0   0   0   0
1906   6 999 999 999 999 999 999 999   0   0   0   0   0   0
1905   6 999 999 999 999 999 999 999   0   0   0   0   0   0
1904   6 999 999 999 999 999 999 999   0   0   0   0   0   0
1903   6 999 999 999 999 999 999 999   0   0   0   0   0   0
1902   6 999 999 999 999 999 999 999   0   0   0   0   0   0
1901   6 999 999 999 999 999 999 999   0   0   0   0   0   0
1900   6 999 999 999 999 999 999 999   0   0   0   0   0   0
1899   6 999 999 999 999 999 999 999   0   0   0   0   0   0
1898   6 999 999 999 999 999 999 999   0   0   0   0   0   0
1897   6 999 999 999 999 999 999 999   0   0   0   0   0   0
1896   6 999 999 999 999 999 999 999   0   0   0   0   0   0
1894   6 999 999 999 999 999 999 999   0   0   0   0   0   0
1893   6 999 999 999 999 999 999 999   0   0   0   0   0   0
1892   6 999 999 999 999 999 999 999   0   0   0   0   0   0
1891   6 999 999 999 999 999 999 999   0   0   0   0   0   0
1890   6  28  28  28  28  28  28  28   0   0   0   0   0   0
1889   6 999 999 999 999 999 999 999   0   0   0   0   0   0
1888   6 999 999 999 999 999 999 999   0   0   0   0   0   0
1887   6 999 999 999 999 999 999 999   0   0   0   0   0   0
1886   6 999 999 999 999 999 999 999   0   0   0   0   0   0
1885   6 999 999 999 999 999 999 999   0   0   0   0   0   0
1884   6 999 999 999 999 999 999 999   0   0   0   0   0   0
1883   6 999 999 999 999 999 999 999   0   0   0   0   0   0
1882   6 999 999 999 999 999 999 999   0   0   0   0   0   0
1881   6 999 999 999 999 999 999 999   0   0   0   0   0   0
1880   6 999 999 999 999 999 999 999   0   0   0   0   0   0
1879   6 999 999 999 999 999 999 999   0   0   0   0   0   0
1878   6 999 999 999 999 999 999 999   0   0   0   0   0   0
1877   6 999 999 999 999 999 999 999   0   0   0   0   0   0
1876   6  22  22  22  22  21  21  21   0   0   0   0   0   0
