Year NDay Positions each day    ; Flags -1=norace, 1=bumped & got bumped
2023   4  40  38  36  35  34   0   0   0   0
2022   4  31  37  39  39  41   0   0   0   0
2021   4  29  28  29  28  29   0   0   0   0
2019   4  32  31  31  31  31   0   1   0   0
2018   4  30  32  32  32  32   0  -1   0  -1
2017   4  31  30  29  30  30   0   0   0   0
2016   4  26  27  29  30  31   0   0   0   0
2015   4  14  18  22  25  26   0   0   0   0
2013   4  12  13  14  14  14   0   0   1   0
2012   4  13  14  15  14  12   0   0   0   0
2011   4   7   9  10  12  13   0   0   0   0
2010   4   6   5   6   6   7   0   0   0   0
2009   4   4   5   6   5   6   0   0   0   0
2008   4   2   3   4   3   4   0   0   0   0
2006   4   4   3   2   2   2   0   0   0   0
2005   4   7   6   5   5   4   0   0   0   0
2004   4   9   8   8   7   7   0   0   0   0
2003   4  10  10   9   9   9   0   0   0  -1
2001   4  14  12  11  10  10   0   0   0   0
1999   4  18  18  18  17  16   0   0   0   0
1998   4  21  19  19  19  19   0   0   0  -1
1997   4  18  19  20  20  20   0   0   0   0
1996   4  23  22  21  20  19   0   0   0   0
1995   4 999 999 999 999 999   0   0   0   0
1994   4  24  23  23  23  23   0  -1  -1  -1
1993   4  29  28  27  26  24   0   0   0   0
1992   4  33  32  31  30  29   0   0   0   0
1991   4  32  32  33  34  33   1   0   1   0
1989   4  25  25  26  26  32   0   0   1   0
1988   4  24  23  24  23  25   0   0   0   0
1987   4  22  22  24  23  24   0   0   0   0
1986   4  25  24  23  23  22   0   0  -1   0
1985   4  25  25  26  26  26   0   0   0   0
1984   4  27  27  26  25  25   0   0   0   0
1983   4  28  27  27  27  27   0   0   0   0
1982   4  23  22  21  24  25   0   0   0   0
1981   4  26  26  24  23  23   0   0   0   0
1980   4  25  26  26  25  25   0   0   0   0
