Year NDay Positions each day    ; Flags -1=norace, 1=bumped & got bumped
2023   4  80  81  81  82  81   0   0   0   0
2022   4 999 999 999 999 999   0   0   0   0
2019   4  76  77  76  75  75   0   0   0   0
2018   4  86  87  87  88  87   0   0   0   0
2017   4  92  92  92  92  91   0   0   0   0
2016   4 999 999 999 999 999   0   0   0   0
2015   4  86  85  85  86  87   0   0   0   0
2014   4 999 999 999 999 999   0   0   0   0
2013   4 999 999 999 999 999   0   0   0   0
2012   4  80  81  82  83  84   0   0   0   0
2011   4 999 999 999 999 999   0   0   0   0
2010   4 999 999 999 999 999   0   0   0   0
2009   4 999 999 999 999 999   0   0   0   0
2008   4  59  60  61  62  63   0   0   0   0
2007   4  58  58  58  59  60   0   0   0   0
2006   4  63  62  61  59  58   0   0   0   0
2005   4  60  61  62  63  64   0   0   0   0
2004   4  71  70  65  64  60   0   0   0   0
2003   4  77  78  78  78  78   0   0   0   0
2002   4 999 999 999 999 999   0   0   0   0
2001   4  73  74  75  76  76   0   0   0   0
2000   4  77  77  77  78  78  -1   0   0   0
1999   4  81  80  79  78  77   0   0   0   0
1998   4  86  85  84  83  83   0   0   0   0
1997   4 999 999 999 999 999   0   0   0   0
1996   4 999 999 999 999 999   0   0   0   0
1995   4 999 999 999 999 999   0   0   0   0
1994   4 999 999 999 999 999   0   0   0   0
1993   4 999 999 999 999 999   0   0   0   0
1992   4 999 999 999 999 999   0   0   0   0
1991   4  77  77  76  76  75   0   0   0   0
1990   4  78  77  76  75  74   0   0   0   0
1989   4  78  77  77  78  79   0   0   0   0
1988   4  79  79  78  78  79   0   0   0   0
1987   4  78  79  80  81  82   0   0   0   0
1986   4  75  76  77  78  78   0   0   0   0
1985   4  72  73  74  74  75   0   0   0   0
1984   4  72  71  70  73  72   0   0   0   0
1983   4  68  69  70  71  72   0   0   0   0
1982   4  64  65  66  67  68   0   0   0   0
1981   4  63  63  64  64  64   0   0   0   0
1980   4  67  66  65  64  63   0   0   0   0
1979   4  63  64  65  66  67   0   0   0   0
1978   4  67  66  65  64  63   0   0   0   0
1977   4  69  69  68  68  67   0   0   0   0
1976   4  69  68  68  69  69   0   0   0   0
1975   4  74  72  71  70  69   0   0   0   0
1974   4  74  74  74  75  74   0   0   0   0
1973   4  69  70  71  72  73   0   0   0   0
1972   4  72  71  71  70  69   0   0   0   0
1971   4  69  70  70  71  72   0   0   0   0
1970   4  67  67  68  69  69   0   0   0   0
1969   4  63  64  65  66  67   0   0   0   0
1968   4  59  60  61  62  63   0   0   0   0
1967   4  55  56  57  58  59   0   0   0   0
1966   4  58  57  57  56  55   0   0   0   0
1965   4  61  60  60  60  59   0   0   0   0
1964   4  59  60  60  61  61   0   0   0   0
1963   4  55  56  57  58  59   0   0   0   0
1962   4  51  52  53  54  55   0   0   0   0
1961   4  54  53  52  51  51   0   0   0   0
1960   4  57  57  56  55  54   0   0   0   0
1959   4  62  62  61  60  57   0   0   0   0
1958   4  59  60  61  61  62   0   0   0   0
1957   4  57  57  58  59  60   0   0   0   0
1956   4  59  59  58  57  57   0   0   0   0
1955   4  61  61  62  61  60   0   0   0   0
1954   4  64  64  63  62  62   0   0   0   0
1953   6  68  67  67  66  65  64  64   0   0   0   0   0   0
1952   6  74  72  72  71  70  69  68   0   0   0   0   0   0
1951   6  69  70  71  72  73  74  74   0   0   0   0   0   0
1950   6  63  64  65  66  67  68  69   0   0   0   0   0   0
1949   6  58  58  59  60  61  62  63   0   0   0   0   0   0
1948   6  61  62  61  60  59  59  58   0   0   0   0   0   0
1947   6  56  56  59  59  60  61  61   0   0   0   0   0   0
1946   6  55  54  57  56  56  56  56   0   0   0   0   0   0
1938   6  58  59  60  61  62  62  62   0   0   0   0   0   0
1937   6  60  61  62  62  62  62  61   0   0   0   0   0   0
1936   6 999 999 999 999 999 999 999   0   0   0   0   0   0
1935   6 999 999 999 999 999 999 999   0   0   0   0   0   0
1934   6  50  48  48  49  49  50  51   0   0   0   0   0   0
1933   6  54  53  53  54  54  53  52   0   0   0   0   0   0
