Year NDay Positions each day    ; Flags -1=norace, 1=bumped & got bumped
2023   4  71  70  70  69  67   0   0   0   0
2022   4 999 999 999 999 999   0   0   0   0
2021   4 999 999 999 999 999   0   0   0   0
2019   4 999 999 999 999 999   0   0   0   0
2018   4 999 999 999 999 999   0   0   0   0
2017   4 999 999 999 999 999   0   0   0   0
2016   4 999 999 999 999 999   0   0   0   0
2015   4 999 999 999 999 999   0   0   0   0
2013   4 999 999 999 999 999   0   0   0   0
2012   4 999 999 999 999 999   0   0   0   0
2011   4 999 999 999 999 999   0   0   0   0
2010   4  44  44  48  49  53  -1   0   0   0
2009   4  41  42  44  42  43   0   0   0   0
2008   4  37  36  37  40  40   0   0   0   0
2006   4  43  43  42  41  41   0   0   0   1
2005   4  46  45  44  43  44   0   0   0   0
2004   4  49  48  47  48  47   0   0   0   0
2003   4  46  45  49  51  51   0   0   0  -1
2001   4 999 999 999 999 999   0   0   0   0
1999   4  59  59  59  59  61  -1  -1  -1   0
1998   4 999 999 999 999 999   0   0   0   0
1997   4 999 999 999 999 999   0   0   0   0
1996   4 999 999 999 999 999   0   0   0   0
1995   4 999 999 999 999 999   0   0   0   0
1994   4 999 999 999 999 999   0   0   0   0
1993   4 999 999 999 999 999   0   0   0   0
1992   4  48  47  48  49  48   0   0   0   0
1991   4 999 999 999 999 999   0   0   0   0
1989   4  57  56  56  56  56   0   0   1   0
1988   4 999 999 999 999 999   0   0   0   0
1987   4  49  48  47  47  46   0   0   0   0
