Year NDay Positions each day    ; Flags -1=norace, 1=bumped & got bumped
2023   4  47  46  49  48  47   0   0   0   0
2022   4  51  51  47  48  48   0   0   0   0
2021   4  42  46  46  46  46   0   0   0   0
2019   4  51  51  50  48  47   0   0   0   0
2018   4  52  51  51  51  51   0  -1   0  -1
2017   4  55  53  52  51  51   0   0   0   0
2016   4  55  54  53  54  57   0   0   0   0
2015   4  47  49  50  51  55   0   0   0   0
2013   4  50  48  45  48  47   0   0   0   0
2012   4  55  54  53  52  51   0   0   0   0
2011   4  53  54  54  54  55   0   1   0   1
2010   4  55  55  54  53  53  -1   0   0   0
2009   4  60  60  59  58  56   0   0   0   0
2008   4  62  62  62  62  60   0   0   0   0
2006   4  73  71  70  69  68   0   0   0   0
2005   4 999 999 999 999 999   0   0   0   0
2004   4 999 999 999 999 999   0   0   0   0
2003   4 999 999 999 999 999   0   0   0   0
2001   4 999 999 999 999 999   0   0   0   0
1999   4  62  62  62  62  59  -1  -1  -1   0
1998   4  60  61  62  64  64   0   0   0  -1
1997   4  60  59  59  59  60   0   0   1   0
1996   4  54  55  57  59  60   0   0   0   0
1995   4 999 999 999 999 999   0   0   0   0
1994   4  50  54  54  54  54   0  -1  -1  -1
1993   4  52  52  51  50  49   0   0   0   0
1992   4  54  53  52  52  53   0   0   0   0
1991   4  58  57  56  55  54   0   0   0   0
1990   4 999 999 999 999 999   0   0   0   0
1989   4  51  52  52  54  57   0   0   0   0
1988   4  50  51  51  51  51   0   1   0   0
1987   4  51  50  50  50  50   0   0   0   0
1986   4  53  52  52  52  51   0   0  -1   0
1985   4  49  52  52  53  53   0   1   0   0
1984   4  49  48  48  48  49   0   1   0   0
1983   4  44  44  45  49  49   0   0   0   0
1982   4  48  47  45  44  44   0   0   0   0
1981   4  42  44  45  47  48   0   0   0   0
1980   4  39  41  42  41  42   0   0   0   0
1979   4  43  41  41  41  39   0   0   0   0
1978   4  53  50  46  43  43   0   0   0   0
