Year NDay Positions each day    ; Flags -1=norace, 1=bumped & got bumped
2023   4  41  43  44  49  52   0   0   0   0
2022   4  39  40  42  42  42   0   0   1   0
2021   4  35  34  35  36  37   0   0   0   0
2019   4  40  39  39  39  39   0   0   0   0
2018   4  39  40  40  40  40   0  -1   0  -1
2017   4  39  42  41  40  39   0   0   0   0
2016   4  44  43  42  40  39   0   0   0   0
2015   4  51  50  48  47  46   0   0   0   0
2013   4  61  60  59  58  57   0   0   0   0
2012   4 999 999 999 999 999   0   0   0   0
2011   4 999 999 999 999 999   0   0   0   0
2010   4 999 999 999 999 999   0   0   0   0
2009   4  52  52  53  53  54   0   1   1   0
2008   4 999 999 999 999 999   0   0   0   0
2006   4  55  60  60  60  60   0   0   0   0
2005   4 999 999 999 999 999   0   0   0   0
2004   4 999 999 999 999 999   0   0   0   0
2003   4 999 999 999 999 999   0   0   0   0
2001   4 999 999 999 999 999   0   0   0   0
1999   4 999 999 999 999 999   0   0   0   0
1998   4  37  37  38  38  38   0   0   0  -1
1997   4  39  39  39  38  36   0   1   0   0
1996   4  42  40  39  38  39   0   0   0   0
1995   4 999 999 999 999 999   0   0   0   0
1994   4 999 999 999 999 999   0   0   0   0
1993   4 999 999 999 999 999   0   0   0   0
1992   4 999 999 999 999 999   0   0   0   0
1991   4  53  52  53  52  52   0   0   0   0
