Year NDay Positions each day    ; Flags -1=norace, 1=bumped & got bumped
2023   4  47  48  49  50  50   0   0   0   0
2022   4  44  45  46  47  47   0   0   0   0
2019   4  47  46  45  44  43   0   0   0   0
2018   4  47  47  48  47  48   0   0   0   0
2017   4  44  45  46  47  48   0   0   0   0
2016   4  49  48  47  46  45   0   0   0   0
2015   4  54  52  51  50  49   0   0   0   0
2014   4  54  54  54  53  53   0   0   0   0
2013   4  55  55  56  56  56   0   0   0   0
2012   4  52  53  54  55  55   0   0   0   0
2011   4  49  50  50  51  52   0   0   0   0
2010   4  48  47  47  46  49   0   0   0   0
2009   4  45  46  46  47  48   0   0   0   0
2008   4  45  44  44  44  45   0   0   0   0
2007   4  49  48  47  46  45   0   0   0   0
2006   4  49  50  50  51  52   0   0   0   0
2005   4  51  51  51  50  48   0   0   0   0
2004   4  48  49  50  50  50   0   0   0   0
2003   4  49  50  49  49  49   0   0   0   0
2002   4  48  49  49  50  51   0   0   0   0
2001   4  45  45  45  46  47   0   0   0   0
2000   4  43  43  44  45  46  -1   0   0   0
1999   4  42  41  42  43  44   0   0   0   0
1998   4  40  41  42  42  43   0   0   0   0
1997   4  44  43  42  41  41   0   0   0   0
1996   4  43  44  44  45  45   0   0   0   0
1995   4  44  45  45  44  44   0   0   0   0
1994   4  52  51  50  48  47   0   0   0   0
1993   4 999 999 999 999 999   0   0   0   0
1992   4  61  61  61  61  61   0   0   0   0
1991   4 999 999 999 999 999   0   0   0   0
1990   4 999 999 999 999 999   0   0   0   0
1989   4  57  56  56  57  58   0   0   0   0
1988   4 999 999 999 999 999   0   0   0   0
1987   4  59  58  59  60  60   0   0   0   0
1986   4 999 999 999 999 999   0   0   0   0
1985   4  56  55  55  56  56   0   0   0   0
