Year NDay Positions each day    ; Flags -1=norace, 1=bumped & got bumped
2023   4  48  48  47  46  46   0   0   0   0
2022   4  49  48  48  49  49   0   0   0   0
2019   4  51  50  50  49  49   0   0   0   0
2018   4  52  52  52  51  51   0   0   0   0
2017   4  56  55  54  53  53   0   0   0   0
2016   4  58  57  56  56  56   0   0   0   0
2015   4  57  57  57  57  58   0   0   0   0
2014   4  58  57  56  57  56   0   0   0   0
2013   4  57  57  57  58  59   0   0   0   0
2012   4  60  60  59  58  57   0   0   0   0
2011   4  57  58  59  60  61   0   0   0   0
2010   4  57  57  58  58  57   0   0   0   0
2009   4  60  59  58  58  57   0   0   0   0
2008   4  60  59  59  59  59   0   0   0   0
2007   4  64  63  63  62  61   0   0   0   0
2006   4  68  67  66  65  64   0   0   0   0
2005   4  69  69  69  70  70   0   0   0   0
2004   4  66  65  70  71  72   0   0   0   0
2003   4  65  66  67  67  68   0   0   0   0
2002   4  63  64  65  66  66   0   0   0   0
2001   4  59  59  60  61  62   0   0   0   0
2000   4  65  65  62  61  60  -1   0   0   0
1999   4  65  66  66  65  64   0   0   0   0
1998   4  62  62  63  64  65   0   0   0   0
1997   4  63  62  62  63  64   0   0   0   0
1996   4  63  62  62  62  63   0   0   0   0
1995   4  66  65  64  63  62   0   0   0   0
1994   4  70  69  68  67  66   0   0   0   0
1993   4  72  71  71  71  70   0  -1  -1   0
1992   4  73  74  73  73  72   0   0   0   0
1991   4  76  75  75  74  73   0   0   0   0
1990   4 999 999 999 999 999   0   0   0   0
1989   4 999 999 999 999 999   0   0   0   0
1988   4  77  77  76  75  74   0   0   0   0
1987   4  77  77  78  79  80   0   0   0   0
1986   4  93  92  91  90  89   0   0   0   0
1985   4  99  98  98  96  95   0   0   0   0
1984   4 999 999 999 999 999   0   0   0   0
1983   4  86  86  86  85  85   0   0   0   0
1982   4  70  71  72  73  74   0   0   0   0
1981   4  70  70  69  69  70   0   0   0   0
1980   4  68  68  69  69  70   0   0   0   0
1979   4  71  70  70  69  68   0   0   0   0
1978   4  75  75  74  72  71   0   0   0   0
1977   4  77  76  77  76  75   0   0   0   0
1976   4  80  79  78  77  77   0   0   0   0
1975   4  86  84  81  81  80   0   0   0   0
1974   4  90  90  89  88  87   0   0   0   0
1973   4  95  95  95  94  93   0   0   0   0
1972   4  94  94  95  96  96   0   0   0   0
1971   4  98  97  97  96  95   0   0   0   0
1970   4 105 104 103 102 101   0   0   0   0
