Year NDay Positions each day    ; Flags -1=norace, 1=bumped & got bumped
2023   4  34  35  36  37  38   0   0   0   0
2022   4  30  31  32  33  34   0   0   0   0
2019   4  30  29  29  29  30   0   0   0   0
2018   4  27  28  29  30  30   0   0   0   0
2017   4  26  25  25  26  27   0   0   0   0
2016   4  24  25  26  26  26   0   0   0   0
2015   4  20  21  22  23  24   0   0   0   0
2014   4  17  18  18  19  20   0   0   0   0
2013   4  19  20  19  18  17   0   0   0   0
2012   4  19  18  18  19  19   0   0   0   0
2011   4  23  22  21  20  19   0   0   0   0
2010   4  21  22  22  22  23   0   0   0   0
2009   4  21  22  22  21  21   0   0   0   0
2008   4  17  18  19  20  21   0   0   0   0
2007   4  20  17  17  17  17   0   0   0   0
2006   4  23  22  21  21  20   0   0   0   0
2005   4  23  23  23  23  23   0   0   0   0
2004   4  20  20  21  22  23   0   0   0   0
2003   4  23  22  21  20  20   0   0   0   0
2002   4  23  24  24  23  23   0   0   0   0
2001   4  23  23  23  23  23   0   0   0   0
2000   4  23  23  23  23  23   0   0   0   0
1999   4  26  25  24  23  23   0   0   0   0
1998   4  27  27  26  26  26   0   0   0   0
1997   4  31  31  30  29  28   0   0   0   0
1996   4  27  28  29  30  31   0   0   0   0
1995   4  26  26  27  27  27   0   0   0   0
1994   4  29  29  28  27  26   0   0   0   0
1993   4  29  28  28  28  29   0   0   0   0
1992   4  32  31  31  30  29   0   0   0   0
1991   4  33  33  33  32  32   0   0   0   0
1990   4  36  35  35  34  33   0   0   0   0
1989   4  39  38  37  37  36   0   0   0   0
1988   4  45  44  43  42  39   0   0   0   0
1987   4  49  48  47  46  45   0   0   0   0
1986   4  49  50  50  50  49   0   0   0   0
1985   4  66  65  64  63  62   0   0   0   0
1984   4  69  68  67  66  66   0   0   0   0
1983   4  73  72  71  70  69   0   0   0   0
1982   4  76  77  77  78  78   0   0   0   0
1981   4  79  79  79  79  79   0   0   0   0
