Year NDay Positions each day    ; Flags -1=norace, 1=bumped & got bumped
2023   4  82  83  83  82  82   0   0   0   0
2022   4 999 999 999 999 999   0   0   0   0
2019   4  73  74  74  75  76   0   0   0   0
2018   4 999 999 999 999 999   0   0   0   0
2017   4  68  68  67  67  65   0   0   0   0
2016   4  75  76  77  78  78   0   0   0   0
2015   4 999 999 999 999 999   0   0   0   0
2014   4  56  55  55  55  55   0   0   0   0
2013   4  56  57  58  58  59   0   0   0   0
2012   4  57  58  58  57  56   0   0   0   0
2011   4  54  54  55  56  57   0   0   0   0
2010   4  53  54  55  55  56   0   0   0   0
2009   4  54  53  52  52  53   0   0   0   0
2008   4  56  56  55  54  54   0   0   0   0
2007   4  54  53  53  54  55   0   0   0   0
2006   4  62  61  60  59  58   0   0   0   0
2005   4  69  68  67  67  66   0   0   0   0
2004   4 999 999 999 999 999   0   0   0   0
2003   4  48  49  50  50  51   0   0   0   0
2002   4  50  50  50  49  49   0   0   0   0
2001   4  44  46  47  48  49   0   0   0   0
2000   4  47  47  46  46  45  -1   0   0   0
1999   4  49  49  48  47  48   0   0   0   0
1998   4  54  54  53  52  52   0   0   0   0
1997   4 999 999 999 999 999   0   0   0   0
1996   4 999 999 999 999 999   0   0   0   0
1995   4 999 999 999 999 999   0   0   0   0
1994   4  61  61  61  61  60   0   0   0   0
1993   4 999 999 999 999 999   0   0   0   0
1992   4  50  51  51  52  53   0   0   0   0
1991   4  49  49  50  50  51   0   0   0   0
1990   4  57  57  56  56  55   0   0   0   0
1989   4 999 999 999 999 999   0   0   0   0
1988   4  54  54  53  52  51   0   0   0   0
1987   4 999 999 999 999 999   0   0   0   0
1986   4 999 999 999 999 999   0   0   0   0
1985   4  46  46  45  45  45   0   0   0   0
1984   4  47  47  48  47  46   0   0   0   0
1983   4 999 999 999 999 999   0   0   0   0
1982   4 999 999 999 999 999   0   0   0   0
1981   4  44  44  44  45  45   0   0   0   0
1980   4  33  34  35  35  34   0   0   0   0
1979   4 999 999 999 999 999   0   0   0   0
1978   4  19  18  19  18  18   0   0   0   0
