Year NDay Positions each day    ; Flags -1=norace, 1=bumped & got bumped
2023   4  16  18  19  19  20   0   0   0   0
2022   4  14  15  15  15  16   0   0   1   0
2021   4  12  12  13  13  12   0   0   0   0
2019   4  16  16  15  14  14   0   0   0   0
2018   4  19  18  18  18  16   0  -1   0   0
2017   4  22  21  20  19  19   0   0   0   0
2016   4  25  24  22  23  22   0   0   0   0
2015   4  23  23  24  23  25   0   0   0   0
2013   4  25  24  24  24  23   0   1   1   0
2012   4  29  29  28  27  26   0   0   0   0
2011   4  27  28  29  29  29   0   0   1   0
2010   4  26  26  26  26  27   0   0   0   0
2009   4  21  23  24  24  25   0   0   0   0
2008   4  25  25  24  23  22   0   0   0   0
2006   4  30  29  28  27  26   0   0   0   0
2005   4  35  33  32  31  30   0   0   0   0
2004   4  30  31  32  32  36   0   1   0   0
2003   4  19  25  26  29  29   0   0   0  -1
2001   4  21  20  19  18  18   0   0   0   0
1999   4  27  26  26  25  23   0   0   0   0
1998   4  26  28  29  29  29   0   0   0  -1
1997   4  24  25  25  25  25   0   0   0   0
1996   4  14  17  20  24  25   0   0   0   0
1995   4 999 999 999 999 999   0   0   0   0
1994   4  15  14  14  14  14   0  -1  -1  -1
1993   4  13  14  16  16  15   0   0   0   0
1992   4  15  15  15  14  13   0   1   0   0
1991   4  12  13  13  14  15   0   0   0   0
1989   4  13  12  12  12  12   0   0   1   0
1988   4  11  10  10  12  13   0   0   0   0
1987   4  13  12  11  12  11   0   0   0   0
1986   4  11  11  12  12  13   0   0  -1   0
1985   4  12  12  11  12  11   1   0   0   0
1984   4   8  10  11  13  12   0   0   0   0
1983   4   6   5   7   7   8   0   0   0   0
1982   4   7   6   6   5   6   0   0   0   0
1981   4   9   9   9   8   7   0   1   0   0
1980   4  11  11  10  10   9   0   0   0   0
1979   4   6   8   7   9  11   0   0   1   0
1978   4  10   8   8   6   6   0   0   0   1
