Year NDay Positions each day    ; Flags -1=norace, 1=bumped & got bumped
2023   4  42  44  45  47  48   0   0   0   0
2022   4  32  36  37  40  42   0   0   0   0
2021   4  23  26  28  29  29   0   0   0   0
2019   4  25  24  25  25  26   0   0   0   0
2018   4  19  23  23  23  25   0  -1   0   0
2017   4  18  19  18  18  18   0   0   0   1
2016   4  15  16  17  18  19   0   0   0   0
2015   4  14  14  14  15  15   0   0   0   0
2013   4  12  12  13  13  14   1   0   0   0
2012   4  16  14  12  11  12   0   0   0   0
2011   4  18  18  17  17  16   0   0   0   0
2010   4  16  16  17  18  18   0   0   0   0
2009   4  18  17  16  15  16   0   0   0   0
2008   4  21  20  19  18  18   0   0   0   0
2006   4  21  21  21  21  21   0   0   0   0
2005   4  24  23  22  22  21   0   0   0   0
2004   4  27  24  24  24  24   0   0   0   0
2003   4  24  24  25  27  27   0   0   0  -1
2001   4  29  28  26  24  24   0   0   0   0
1999   4  23  25  27  28  29   0   0   0   0
1998   4  26  26  25  24  24   0   0   0  -1
1997   4  30  29  28  27  26   0   0   0   0
1996   4  34  33  32  31  30   0   0   0   0
1995   4 999 999 999 999 999   0   0   0   0
1994   4  36  35  35  35  35   0  -1  -1  -1
1993   4  29  29  29  38  36   0   0   0   0
1992   4  33  32  31  30  29   0   0   0   0
1991   4  30  29  30  31  32   0   0   0   0
1990   4 999 999 999 999 999   0   0   0   0
1989   4  35  33  32  31  30   0   0   0   0
1988   4  39  39  38  36  35   0   0   0   0
1987   4  41  42  41  40  40   0   0   0   0
1986   4  37  37  39  39  41   0   0  -1   0
1985   4  52  51  53  52  51   0   0   0   0
1984   4  56  55  54  53  52   0   0   0   0
1983   4  60  60  58  57  56   0   0   1   0
1982   4  68  68  67  66  66   0   0   0   0
1981   4  77  77  77  77  76   1   0   0   0
