Year NDay Positions each day    ; Flags -1=norace, 1=bumped & got bumped
2023   4  61  62  62  62  61   0   0   0   0
2022   4  63  62  61  60  61   0   0   0   0
2019   4  63  63  63  62  61   0   0   0   0
2018   4  62  65  65  66  67   0   0   0   0
2017   4  64  65  64  64  63   0   0   0   0
2016   4  76  75  74  73  72   0   0   0   0
2015   4 999 999 999 999 999   0   0   0   0
2014   4 999 999 999 999 999   0   0   0   0
2013   4  78  79  79  78  79   0   0   0   0
2012   4 999 999 999 999 999   0   0   0   0
2011   4 999 999 999 999 999   0   0   0   0
2010   4 999 999 999 999 999   0   0   0   0
2009   4 999 999 999 999 999   0   0   0   0
2008   4 999 999 999 999 999   0   0   0   0
2007   4 999 999 999 999 999   0   0   0   0
2006   4  69  70  71  72  72   0   0   0   0
