Year NDay Positions each day    ; Flags -1=norace, 1=bumped & got bumped
2023   4  33  32  32  33  33   0   0   0   0
2022   4  32  33  33  33  33   0   0   0   0
2019   4  28  29  30  31  32   0   0   0   0
2018   4  28  28  29  29  28   0   0   0   0
2017   4  31  31  30  29  28   0   0   0   0
2016   4  36  35  34  33  32   0   0   0   0
2015   4  36  35  35  35  36   0   0   0   0
2014   4  34  35  35  35  35   0   0   0   0
2013   4  37  37  37  36  35   0   0   0   0
2012   4  37  37  38  38  37   0   0   0   0
2011   4  35  35  36  37  37   0   0   0   0
2010   4  32  33  34  35  35   0   0   0   0
2009   4  30  30  31  32  32   0   0   0   0
2008   4  31  31  30  30  30   0   0   0   0
2007   4  30  30  30  30  31   0   0   0   0
2006   4  34  33  32  31  30   0   0   0   0
2005   4  33  33  33  33  34   0   0   0   0
2004   4  33  33  34  34  34   0   0   0   0
2003   4  31  31  32  33  33   0   0   0   0
2002   4  35  34  33  32  31   0   0   0   0
2001   4  41  38  36  35  34   0   0   0   0
2000   4  42  42  43  43  42  -1   0   0   0
1999   4  43  43  44  44  43   0   0   0   0
1998   4  47  47  46  45  44   0   0   0   0
1997   4  50  51  52  51  50   0   0   0   0
1996   4  55  54  53  53  52   0   0   0   0
1995   4 999 999 999 999 999   0   0   0   0
1994   4  50  49  49  50  51   0   0   0   0
1993   4  59  59  59  59  58   0  -1  -1   0
1992   4 999 999 999 999 999   0   0   0   0
1991   4 999 999 999 999 999   0   0   0   0
1990   4 999 999 999 999 999   0   0   0   0
1989   4 999 999 999 999 999   0   0   0   0
1988   4 999 999 999 999 999   0   0   0   0
1987   4 999 999 999 999 999   0   0   0   0
1986   4 999 999 999 999 999   0   0   0   0
1985   4 999 999 999 999 999   0   0   0   0
1984   4 999 999 999 999 999   0   0   0   0
1983   4  45  44  44  44  43   0   0   0   0
