Year NDay Positions each day    ; Flags -1=norace, 1=bumped & got bumped
2023   4  36  37  37  38  37   0   0   0   0
2022   4  35  34  34  35  36   0   0   0   0
2019   4  32  33  34  33  35   0   0   0   0
2018   4  31  31  31  31  32   0   0   0   0
2017   4  33  32  32  31  31   0   0   0   0
2016   4  34  34  34  34  33   0   0   0   0
2015   4  41  39  38  35  34   0   0   0   0
2014   4  37  38  39  40  41   0   0   0   0
2013   4  36  36  36  36  37   0   0   0   0
2012   4  37  36  37  36  36   0   0   0   0
2011   4  40  40  39  38  37   0   0   0   0
2010   4  40  40  40  40  40   0   0   0   0
2009   4  42  42  41  41  40   0   0   0   0
2008   4  41  44  43  43  42   0   0   0   0
2007   4  45  44  43  42  41   0   0   0   0
2006   4  48  47  46  45  45   0   0   0   0
2005   4  53  52  51  50  48   0   0   0   0
2004   4  57  56  55  54  53   0   0   0   0
2003   4  64  63  62  60  57   0   0   0   0
2002   4  68  67  66  65  64   0   0   0   0
2001   4  70  69  68  68  67   0   0   0   0
2000   4  74  74  73  74  74  -1   0   0   0
1999   4  76  73  74  73  73   0   0   0   0
1998   4  75  75  76  77  78   0   0   0   0
1997   4  78  77  80  79  79   0   0   0   0
1996   4  83  82  82  81  78   0   0   0   0
1995   4  85  88  89  89  89   0   0   0   0
1994   4  94  95  96  97  96   0   0   0   0
1993   4 999 999 999 999 999   0   0   0   0
1992   4  95  96  96  96  97   0   0   0   0
1991   4 999 999 999 999 999   0   0   0   0
1990   4 102 102 102 102 102   0   0   0   0
1989   4 999 999 999 999 999   0   0   0   0
1988   4 999 999 999 999 999   0   0   0   0
1987   4 999 999 999 999 999   0   0   0   0
1986   4 999 999 999 999 999   0   0   0   0
1985   4 999 999 999 999 999   0   0   0   0
1984   4 999 999 999 999 999   0   0   0   0
1983   4 999 999 999 999 999   0   0   0   0
1982   4  98  98  99  99  98   0   0   0   0
