Year NDay Positions each day    ; Flags -1=norace, 1=bumped & got bumped
2023   4  26  26  24  24  23   1   0   0   0
2022   4  32  31  30  27  26   0   0   0   0
2021   4  31  32  32  30  30   0   0   0   0
2019   4  35  33  33  32  33   0   0   0   0
2018   4  33  35  35  35  35   0  -1   0  -1
2017   4  35  35  35  33  33   0   0   0   0
2016   4  37  37  36  35  35   0   0   0   0
2015   4  31  33  33  34  37   0   0   0   0
2013   4  36  35  34  32  31   0   0   0   0
2012   4  35  35  36  37  37   1   0   0   0
2011   4  29  30  33  33  35   0   0   0   0
2010   4  28  28  31  30  29   0   0   0   0
2009   4  26  26  26  26  27   0   0   0   0
2008   4  30  29  29  28  27   0   0   0   0
2006   4  35  34  33  32  31   0   0   0   0
2005   4  34  34  34  35  35   1   0   0   0
2004   4  39  38  36  36  35   0   0   0   0
2003   4 999 999 999 999 999   0   0   0   0
2001   4  27  27  28  28  28  -1   0   0   0
1999   4  36  37  36  35  34   0   0   0   0
1998   4  41  40  39  39  39   0   0   0  -1
1997   4  46  45  43  42  40   0   0   0   0
