Year NDay Positions each day    ; Flags -1=norace, 1=bumped & got bumped
2023   4  39  38  36  35  35   0   0   0   0
2022   4  33  33  35  37  39   1   0   0   0
2021   4  33  33  32  31  30   0   0   0   0
2019   4  33  33  35  37  38   0   0   0   0
2018   4  30  33  33  33  33   0  -1   0  -1
2017   4  33  32  31  30  29   0   0   0   0
2016   4  36  35  34  33  34   0   0   0   0
2015   4  34  37  37  37  36   0   0   0   0
2013   4  34  35  35  34  34   0   1   0   0
2012   4  35  36  36  35  34   0   0   0   0
2011   4  41  40  38  36  35   0   0   0   0
2010   4  43  43  42  41  41  -1   0   0   0
2009   4  44  43  42  43  43   0   0   0   0
2008   4  51  50  48  46  44   0   0   0   0
2006   4  58  57  56  54  53   0   0   0   0
2005   4  64  63  62  60  58   0   0   0   0
2004   4  72  72  72  71  70   0   0   0   0
2003   4 999 999 999 999 999   0   0   0   0
2001   4 999 999 999 999 999   0   0   0   0
1999   4 999 999 999 999 999   0   0   0   0
1998   4 999 999 999 999 999   0   0   0   0
1997   4  67  66  65  65  64   0   0   0   0
1996   4  69  69  70  70  70   1   0   1   0
1995   4 999 999 999 999 999   0   0   0   0
1994   4  73  72  72  72  72   0  -1  -1  -1
1993   4 999 999 999 999 999   0   0   0   0
1992   4  81  80  80  79  80   0   0   0   0
1991   4 999 999 999 999 999   0   0   0   0
1990   4 999 999 999 999 999   0   0   0   0
1989   4 999 999 999 999 999   0   0   0   0
1988   4 999 999 999 999 999   0   0   0   0
1987   4 999 999 999 999 999   0   0   0   0
1986   4 999 999 999 999 999   0   0   0   0
1985   4 999 999 999 999 999   0   0   0   0
1984   4 999 999 999 999 999   0   0   0   0
1983   4 999 999 999 999 999   0   0   0   0
1982   4  77  77  78  78  79   1   0   0   0
