Year NDay Positions each day    ; Flags -1=norace, 1=bumped & got bumped
2023   4  76  75  75  75  75   0   0   0   0
2022   4 999 999 999 999 999   0   0   0   0
2019   4 999 999 999 999 999   0   0   0   0
2018   4  72  71  71  71  70   0   0   0   0
2017   4  77  76  75  75  74   0   0   0   0
2016   4  83  82  81  80  78   0   0   0   0
2015   4  87  88  89  90  91   0   0   0   0
2014   4 999 999 999 999 999   0   0   0   0
2013   4  76  75  75  74  74   0   0   0   0
2012   4  79  78  79  79  80   0   0   0   0
2011   4  71  71  72  73 999   0   0   0   0
2010   4  78  76  75  75  76   0   0   0   0
2009   4 999 999 999 999 999   0   0   0   0
2008   4  66  66  66  66  67   0   0   0   0
2007   4  71  70  70  70  69   0   0   0   0
2006   4  77  76  76  76  75   0   0   0   0
2005   4  82  83  84  84  84   0   0   0   0
2004   4 999 999 999 999 999   0   0   0   0
2003   4  85  85  85  84  84   0   0   0   0
2002   4 999 999 999 999 999   0   0   0   0
2001   4 999 999 999 999 999   0   0   0   0
2000   4  93  93  93  93  92  -1  -1   0   0
