Year NDay Positions each day    ; Flags -1=norace, 1=bumped & got bumped
2023   4  52  51  50  50  50   0   0   0   1
2022   4  56  56  55  55  53   0   0   0   0
2021   4  63  62  62  61  59   0   0   0   0
2019   4 999 999 999 999 999   0   0   0   0
2018   4 999 999 999 999 999   0   0   0   0
2017   4 999 999 999 999 999   0   0   0   0
2016   4  54  53  55  56  55   0   0   1   0
2015   4 999 999 999 999 999   0   0   0   0
2013   4  54  55  57  56  58   0   0   0   0
2012   4 999 999 999 999 999   0   0   0   0
2011   4 999 999 999 999 999   0   0   0   0
2010   4 999 999 999 999 999   0   0   0   0
2009   4  56  58  58  60  59   0   1   0   0
