Year NDay Positions each day    ; Flags -1=norace, 1=bumped & got bumped
2022   4  53  53  52  52  51   0   0   0   0
2019   4  55  55  54  54  53   0   0   0   0
2018   4  55  55  54  54  55   0   0   0   0
2017   4  60  59  58  57  56   0   0   0   0
2016   4  62  60  60  60  60   0   0   0   0
2015   4  66  66  65  64  63   0   0   0   0
2014   4  63  64  65  66  66   0   0   0   0
2013   4  59  60  63  62  65   0   0   0   0
2012   4 999 999 999 999 999   0   0   0   0
2011   4  56  56  57  58  59   0   0   0   0
2010   4  52  53  54  55  56   0   0   0   0
2009   4  48  49  50  51  52   0   0   0   0
2008   4  50  50  49  48  48   0   0   0   0
2007   4  49  49  50  51  51   0   0   0   0
2006   4  44  45  48  49  49   0   0   0   0
2005   4  51  50  46  45  44   0   0   0   0
2004   4  55  54  53  52  51   0   0   0   0
2003   4  57  57  56  56  55   0   0   0   0
2002   4  60  61  58  58  57   0   0   0   0
2001   4  63  62  58  59  59   0   0   0   0
2000   4  67  67  66  65  64  -1   0   0   0
1999   4  72  71  68  67  66   0   0   0   0
1998   4  71  72  73  73  73   0   0   0   0
1997   4  75  76  75  74  74   0   0   0   0
1996   4  78  75  74  74  75   0   0   0   0
1995   4  80  79  79  79  79   0   0   0   0
1994   4  84  83  83  84  85   0   0   0   0
1993   4  92  91  91  91  90   0  -1  -1   0
1992   4 999 999 999 999 999   0   0   0   0
1991   4 999 999 999 999 999   0   0   0   0
1990   4 999 999 999 999 999   0   0   0   0
1989   4 999 999 999 999 999   0   0   0   0
1988   4 999 999 999 999 999   0   0   0   0
1987   4 999 999 999 999 999   0   0   0   0
1986   4  80  81  82  83  84   0   0   0   0
1985   4  84  83  82  81  80   0   0   0   0
1984   4  89  90  89  88  87   0   0   0   0
1983   4 101 100 100 100 100   0   0   0   0
1982   4  75  75  75  74  73   0   0   0   0
1981   4  90  90  90  90  90   0   0   0   0
1980   4 999 999 999 999 999   0   0   0   0
1979   4 999 999 999 999 999   0   0   0   0
1978   4  88  88  89  90  90   0   0   0   0
1977   4 121 120 119 118 117   0   0   0   0
