Year NDay Positions each day    ; Flags -1=norace, 1=bumped & got bumped
2023   4   3   4   6   8   9   0   0   0   0
2022   4   3   2   2   3   3   0   0   0   0
2021   4   3   3   3   3   3   0   0   0   0
2019   4   5   5   4   4   4   0   0   0   0
2018   4   4   4   4   4   5   0  -1   0   0
2017   4   7   6   5   4   4   0   0   0   0
2016   4   9   9   8   8   8   0   0   0   0
2015   4   5   7   9   9   9   0   0   1   0
2013   4   7   6   5   5   5   0   0   0   0
2012   4   4   4   5   6   7   0   0   0   0
2011   4   5   5   5   5   4   0   0   0   0
2010   4   4   4   4   4   5   0   0   0   0
2009   4   5   5   4   4   4   0   0   0   0
2008   4   6   5   5   5   5   0   0   0   1
2006   4  10   9   8   7   6   0   0   0   0
2005   4  13  12  11  10  10   0   0   0   0
2004   4   9   9   9  10  13   1   0   0   0
2003   4   6   6   8   9   9   1   0   0  -1
2001   4  10   9   8   7   6   0   0   0   0
1999   4  14  13  12  11  10   0   0   0   0
1998   4  15  15  15  15  15   0   0   0  -1
1997   4  14  14  15  15  15   0   0   0   0
1996   4  10  10  12  13  14   0   0   0   0
1995   4  11  11  11  10  10   0   0   0   0
1994   4  13  11  11  11  11   0  -1  -1  -1
1993   4  13  14  14  14  13   0   0   0   0
1992   4   9  10  11  12  13   0   0   0   0
1991   4   8   9  10  10   9   0   0   0   0
1990   4   7   7   7   7   8   0   0  -1  -1
1989   4  10  10   9   8   7   0   0   0   0
1988   4   9   9   8   9  10   0   0   0   0
1987   4  12  11  11  10   9   0   0   0   0
1986   4  12  11  12  12  12   0   0  -1   0
1985   4  16  15  14  13  12   0   0   0   0
1984   4  17  16  16  16  16   0   1   0   0
1983   4  17  17  17  17  17   0   0   0   0
1982   4  20  19  18  18  17   0   0   0   0
1981   4  20  20  20  20  20   0   0   1   0
1980   4  21  21  22  22  20   1   0   0   0
1979   4  20  19  20  20  21   0   0   0   0
1978   4  21  21  20  20  20   0   0   0   0
1976   4  20  20  21  21  21   0   0   0   0
1975   4   9  11  15  19  20   0   0   0   0
1974   4   6   6   7   8   9   0   0   0   0
1973   4   6   6   5   5   6   0   0   0   0
1972   4   7   7   7   6   6   0   0   0   0
1971   4  12  10   8   7   7   0   0   0   0
1970   4  16  16  15  13  12   0   0   0   0
1969   4  19  17  18  18  16   0   0   0   0
1968   4  20  19  19  20  19   0   0   0   0
1967   4  22  21  21  21  20   0   0   0   0
1966   4  25  25  24  23  22   0   0   0   0
1965   4  24  24  25  25  25   0   0   0   0
1964   4  19  21  23  24  24   0   0   0   0
1962   4  18  18  19  19  19   0   0   0   0
1961   4  22  20  19  18  18   0   0   0   0
1960   4  22  22  22  22  22   0   0   0   0
1959   4  22  23  23  22  22   0   0   0   0
1958   4  18  19  20  21  22   0   0   0   0
1957   4  22  21  20  19  18   0   0   0   0
1956   4  25  24  24  23  22   0   0   0   0
1955   6  20  20  21  22  23  24  25   0   0   0   0   0   0
1954   6  14  15  16  17  18  19  20   0   0   0   0   0   0
1953   6  15  15  15  15  15  14  14   0   0   0   0   0   0
1952   6  13  14  15  16  16  15  15   0   0   0   0   0   0
1951   6  17  17  16  15  14  14  13   0   0   0   0   0   0
1950   6  22  21  20  19  19  18  17   0   0   0   0   0   0
1949   4  23  23  22  22  22   0   0   0   0
1948   6  25  26  26  24  23  23  23   0   0   0   0   0   0
1947   6  20  21  21  22  23  24  25   0   0   0   0   0   0
1946   6  23  22  21  21  21  21  20   0   0   0   0   0   0
1938   6  27  27  28  28  27  27  27   0   0   0   0   0   0
1937   6  24  24  24  25  26  27  27   0   0   0   0   0   0
1936   6  24  24  24  24  25  25  24   0   0   0   0   0   0
1935   6  20  21  22  23  24  24  24   0   0   0   0   0   0
1934   6  19  19  18  18  18  19  20   0   0   0   0   0   0
1933   6  14  15  16  17  18  18  19   0   0   0   0   0   0
1932   6  10  10  11  12  13  13  14   0   0   0   0   0   0
1931   6  13  13  12  11  11  11  10   0   0   0   0   0   0
1930   6  18  17  16  15  15  14  13   0   0   0   0   0   0
1929   4  20  19  18  18  18   0   0   0   0
1928   6  24  24  24  23  22  21  20   0   0   0   0   0   0
1927   6  22  23  23  23  24  24  24   0   0   0   0   0   0
1926   6  26  25  25  24  24  23  22   0   0   0   0   0   0
1925   6  30  30  29  28  27  27  26   0   0   0   0   0   0
1924   6  28  29  30  30  30  31  31   0   0   0   0   0   0
1923   6  29  29  29  29  29  29  28   0   0   0   0   0   0
1922   6  25  26  27  28  29  30  31   0   0   0   0   0   0
1921   6  28  27  26  26  26  25  25   0   0   0   0   0   0
1920   6  26  26  26  27  27  28  28   0   0   0   0   0   0
1914   6  27  27  26  26  27  27  26   0   0   0   0   0   0
1913   6  32  31  30  29  28  27  27   0   0   0   0   0   0
1912   6 999 999 999 999 999 999 999   0   0   0   0   0   0
1911   6  34  34  34  34  34  33  33   0   0   0   0   0   0
1910   6  33  34  35  35  35  35  35   0   0   0   0   0   0
1909   6  31  31  31  32  33  34  35   0   0   0   0   0   0
1908   6  29  29  29  30  31  32  32   0   0   0   0   0   0
1907   6  28  27  27  27  28  29  29   0   0   0   0   0   0
1906   6  28  27  27  28  29  29  28   0   0   0   0   0   0
1905   6  26  26  26  27  28  28  28   0   0   0   0   0   0
1904   6  26  25  25  26  26  26  26   0   0   0   0   0   0
1903   6  27  26  26  26  26  26  26   0   0   0   0   0   0
1902   6  28  28  28  28  28  28  28   0   0   0  -1   0   0
1901   6  28  28  29  29  29  29  29   0   0   0   0   0   0
1900   6  28  28  28  28  28  28  28   0   0   0   0   0   0
1899   6  28  28  28  28  28  28  28   0   0   0   0   0   0
1898   6  31  31  31  31  31  31  31   0   0   0   0   0   0
1897   6 999 999 999 999 999 999 999   0   0   0   0   0   0
1896   6  26  26  27  28  29  29  30   0   0   0   0   0   0
1894   6  27  27  27  27  26  26  27   0   0   0   0   0   0
1893   6  27  27  28  28  27  27  27   0   0   0   0   0   0
1892   6  23  23  24  25  26  27  27   0   0   0   0   0   0
1891   6  25  25  25  24  24  23  23   0   0   0   0   0   0
1890   6  25  25  25  24  24  24  25   0   0   0   0   0   0
1889   6  22  22  23  24  24  25  25   0   0   0   0   0   0
1888   6  22  23  23  23  23  23  22   0   0   0   0   0   0
1887   6  20  20  21  22  22  22  22   0   0   0   0   0   0
1886   6  14  15  16  17  18  19  20   0   0   0   0   0   0
1885   6  17  16  15  14  14  14  14   0   0   0   0   0   0
1884   6  21  20  19  19  18  17  17   0   0   0   0   0   0
1883   6  21  21  22  22  22  22  22   0   0   0   0   0   0
1882   6  24  24  24  23  23  22  22   0   0   0   0   0   0
1881   6 999 999 999 999 999 999 999   0   0   0   0   0   0
1880   6  19  20  21  22  23  23  23   0   0   0   0   0   0
1879   6  18  19  20  20  19  19  20   0   0   0   0   0   0
1878   6  20  20  20  20  20  19  18   0   0   0   0   0   0
1877   6 999 999 999 999 999 999 999   0   0   0   0   0   0
1876   6  21  21  21  20  20  19  18   0   0   0   0   0   0
