Year NDay Positions each day    ; Flags -1=norace, 1=bumped & got bumped
2023   4  33  37  38  38  42   0   0   0   0
2022   4  36  35  34  34  33   0   0   0   0
2021   4  35  37  36  35  33   0   0   0   0
2019   4  42  40  40  39  40   0   0   0   0
2018   4  43  42  42  42  42   0  -1   0  -1
2017   4  45  44  43  42  42   0   0   0   0
2016   4  47  46  46  46  46   0   0   1   1
2015   4  41  43  45  47  47   1   0   0   1
2013   4  45  44  42  41  41   0   0   0   0
2012   4  50  47  46  45  45   0   0   0   0
2011   4  56  55  52  51  50   0   0   0   0
2010   4  57  57  57  56  56  -1  -1   0   0
2009   4  61  61  60  60  58   0   0   1   0
2008   4  55  55  56  59  61   1   0   0   0
2006   4  60  59  59  58  57   0   1   0   0
2005   4  56  55  55  57  60   0   0   0   0
2004   4  52  53  54  55  56   0   0   0   1
2003   4  46  45  49  51  51   0   0   0  -1
2001   4 999 999 999 999 999   0   0   0   0
1999   4  51  50  48  47  46   0   0   0   0
1998   4  53  52  52  52  52   0   0   0  -1
1997   4  48  49  49  50  52   0   0   0   0
1996   4  43  42  46  47  48   0   0   0   0
1995   4 999 999 999 999 999   0   0   0   0
1994   4  46  44  44  44  44   0  -1  -1  -1
1993   4  37  39  40  43  45   0   0   0   0
1992   4  38  38  37  36  37   0   0   0   0
1991   4  29  31  32  36  37   0   0   0   0
1990   4 999 999 999 999 999   0   0   0   0
1989   4  30  29  30  29  29   0   0   0   0
1988   4  31  31  31  31  30   0   1   0   0
1987   4  36  34  33  32  31   0   0   0   0
1986   4  40  39  38  38  36   0   0  -1   0
1985   4  40  41  41  40  39   0   0   0   0
1984   4  43  42  41  40  39   0   0   0   0
1983   4  46  45  44  43  43   0   0   0   0
1982   4  45  45  49  48  46   0   0   0   0
1981   4  41  41  43  44  45   0   0   0   1
1980   4  44  43  43  42  41   0   0   0   0
1979   4  42  42  42  43  44   1   0   0   0
1978   4  43  42  41  42  42   0   0   1   0
1976   4  40  41  42  43  44   1   0   0   0
1975   4  36  37  38  39  40   0   0   0   0
1974   4  33  33  34  35  36   0   0   0   0
1973   4  28  28  28  29  33   0   1   0   0
1972   4  32  30  28  28  29   0   0   0   0
1971   4  41  37  35  33  32   0   0   0   0
1970   4  38  40  40  42  43   0   0   0   0
1969   4  37  38  38  38  39   0   1   0   0
1968   4  44  43  39  37  37   0   0   0   0
1967   4  41  40  42  43  44   0   0   0   0
1966   4  38  39  40  41  42   0   0   0   0
1965   4  37  38  39  39  39   0   0   0   0
1964   4  40  40  40  39  39   1   0   0   0
1962   4  45  46  45  44  43   0   0   0   0
1961   4  42  44  43  48  47   0   0   0   0
1960   4  44  44  44  42  42   0   0   0   0
1959   4  45  46  47  48  48   0   0   0   0
1958   4  48  47  47  47  46   0   0   0   0
1957   4  46  46  47  48  48   0   0   0   0
1956   4  49  48  45  46  46   0   0   0   0
1955   6 999 999 999 999 999 999 999   0   0   0   0   0   0
1954   6  44  44  45  45  44  43  43   0   0   0   0   0   0
1953   6  41  42  43  44  45  46  47   0   0   0   0   0   0
1952   6  38  38  39  40  41  41  41   0   0   0   0   0   0
1951   6  43  42  42  41  40  39  38   0   0   0   0   0   0
1950   6  39  40  41  42  43  43  43   0   0   0   0   0   0
1949   4  39  39  39  39  39   0   0   0   0
1948   6  36  35  35  36  37  38  39   0   0   0   0   0   0
1947   6  39  38  36  35  34  35  36   0   0   0   0   0   0
