Year NDay Positions each day    ; Flags -1=norace, 1=bumped & got bumped
2023   4  20  23  25  27  29   0   0   0   0
2022   4  21  20  19  20  20   0   0   0   0
2021   4  19  19  19  19  19   0   0   0   0
2019   4  25  24  23  22  21   0   0   0   0
2018   4  27  26  26  26  25   0  -1   0   0
2017   4  17  20  25  26  27   0   0   0   0
2016   4  18  18  19  18  17   0   0   0   0
2015   4   8  11  13  14  18   0   0   0   0
2013   4  13  12  10   9   8   0   0   0   0
2012   4   4   4   5   6  13   0   0   0   0
2011   4   2   3   3   3   4   0   0   0   0
2010   4   1   1   1   2   2   0   0   0   0
2009   4   1   1   1   1   1   0   0   0   0
2008   4   3   2   2   1   1   0   0   0   0
2006   4   8   7   5   3   3   0   0   0   0
2005   4  10  10   9   8   8   0   0   0   0
2004   4   2   4   6   8  10   0   0   0   0
2003   4   1   1   2   2   2   0   0   0  -1
2001   4   2   1   1   1   1   0   0   0   0
1999   4   2   2   3   3   3   0   0   0   0
1998   4   2   2   2   2   2   0   0   0  -1
1997   4   2   2   2   2   2   0   0   0   0
1996   4   5   4   4   3   2   0   0   0   0
1995   4   4   4   4   5   5   0   0   0   0
1994   4   4   4   4   4   4   0  -1  -1  -1
1993   4   7   6   6   5   4   0   0   0   0
1992   4   3   5   6   6   7   0   0   0   0
1991   4   4   4   3   3   3   0   0   0   0
1989   4   7   7   7   6   5   0   0   0   0
1988   4   7   7   7   7   7   0   0   0   0
1987   4   3   5   7   7   7   0   0   0   0
1986   4   2   2   3   3   3   0   0  -1   0
1985   4   2   1   1   1   2   0   0   0   0
1984   4   4   4   3   2   2   0   0   0   0
1983   4   4   3   3   3   4   0   0   0   0
1982   4   4   5   4   4   4   0   0   0   0
1981   4   7   6   5   4   4   0   0   0   0
1980   4  10  10   9   8   7   0   0   0   0
1979   4   8  10  10  13  10   0   0   0   0
1978   4   5   4   6   7   8   0   0   0   0
