Year NDay Positions each day    ; Flags -1=norace, 1=bumped & got bumped
2023   4  63  63  62  63  64   0   0   0   0
2022   4 999 999 999 999 999   0   0   0   0
2021   4  48  47  47  53  54   0   0   0   0
2019   4  53  55  56  55  54   0   0   0   0
2018   4  60  61  61  61  61   0  -1   0  -1
2017   4 999 999 999 999 999   0   0   0   0
2016   4  55  55  54  53  54   0   0   0   0
2015   4 999 999 999 999 999   0   0   0   0
2013   4  55  54  53  52  51   0   0   0   0
2012   4 999 999 999 999 999   0   0   0   0
2011   4  47  47  48  49  50   0   1   0   0
2010   4  50  50  50  50  50  -1  -1   1   1
2009   4  49  51  50  55  57   0   0   0   0
2008   4  47  45  42  49  48   0   0   0   0
2006   4 999 999 999 999 999   0   0   0   0
2005   4 999 999 999 999 999   0   0   0   0
2004   4  34  34  37  39  40   0   0   0   0
2003   4  33  33  32  34  34   0   0   0  -1
2001   4 999 999 999 999 999   0   0   0   0
1999   4  32  32  32  32  32   0   0   0   0
1998   4  36  34  34  34  34   0   0   0  -1
1997   4  40  40  38  36  35   0   0   0   0
1996   4  41  41  41  41  40   1   1   0   0
1995   4 999 999 999 999 999   0   0   0   0
1994   4 999 999 999 999 999   0   0   0   0
1993   4 999 999 999 999 999   0   0   0   0
1992   4  44  43  43  43  42   0   1   0   0
1991   4  47  49  51  51  51   0   0   0   0
1989   4  52  52  53  52  51   0   0   0   0
1988   4 999 999 999 999 999   0   0   0   0
1987   4 999 999 999 999 999   0   0   0   0
1986   4  48  47  46  46  45   0   0  -1   0
1985   4 999 999 999 999 999   0   0   0   0
1984   4  35  34  34  34  33   0   0   0   0
1983   4 999 999 999 999 999   0   0   0   0
1982   4  22  23  25  29  30   0   0   0   0
1981   4  15  17  18  19  22   0   0   0   0
1980   4  12  12  13  13  15   0   0   0   0
1979   4  12  13  13  11  12   0   1   0   0
