Year NDay Positions each day    ; Flags -1=norace, 1=bumped & got bumped
2023   4  51  50  49  48  46   0   0   0   0
2022   4  51  50  50  52  51   0   1   0   0
2021   4  57  56  54  52  51   0   0   0   0
2019   4 999 999 999 999 999   0   0   0   0
2018   4 999 999 999 999 999   0   0   0   0
2017   4 999 999 999 999 999   0   0   0   0
2016   4 999 999 999 999 999   0   0   0   0
2015   4 999 999 999 999 999   0   0   0   0
2013   4 999 999 999 999 999   0   0   0   0
2012   4  52  53  54  54  53   0   0   0   0
2011   4  54  53  52  52  56   0   0   0   0
2010   4  56  56  56  60  61  -1  -1   0   0
2009   4  46  49  61  61  61   0   0   0   0
2008   4 999 999 999 999 999   0   0   0   0
2006   4  45  44  45  44  44   0   0   0   0
2005   4  50  49  50  48  47   0   0   0   0
2004   4  52  51  50  51  53   0   0   0   0
2003   4  58  57  56  55  55   0   0   0  -1
2001   4 999 999 999 999 999   0   0   0   0
1999   4  43  43  43  43  44  -1  -1  -1   1
1998   4  45  49  49  48  48   0   0   0  -1
1997   4  42  41  46  45  44   0   0   0   0
1996   4  45  44  44  43  43   0   0   0   0
1995   4 999 999 999 999 999   0   0   0   0
1994   4 999 999 999 999 999   0   0   0   0
1993   4 999 999 999 999 999   0   0   0   0
1992   4 999 999 999 999 999   0   0   0   0
1991   4  55  54  54  54  55   0   0   1   0
1989   4 999 999 999 999 999   0   0   0   0
1988   4 999 999 999 999 999   0   0   0   0
1987   4  35  37  37  44  49   0   0   0   0
1986   4  37  36  35  35  35   0   0  -1   0
