Year NDay Positions each day    ; Flags -1=norace, 1=bumped & got bumped
2023   4  61  62  61  62  69   0   0   0   0
2022   4  54  55  58  61  63   0   0   0   0
2021   4  50  50  51  50  50   0   0   0   0
2019   4  63  63  62  61  60   0   0   0   0
2018   4  70  70  70  70  70   1  -1   0  -1
2017   4 999 999 999 999 999   0   0   0   0
2016   4  71  69  68  67  66   0   0   0   0
2015   4 999 999 999 999 999   0   0   0   0
2013   4  68  68  69  68  67   1   0   0   0
2012   4 999 999 999 999 999   0   0   0   0
2011   4 999 999 999 999 999   0   0   0   0
2010   4 999 999 999 999 999   0   0   0   0
2009   4 999 999 999 999 999   0   0   0   0
2008   4 999 999 999 999 999   0   0   0   0
2006   4 999 999 999 999 999   0   0   0   0
2005   4 999 999 999 999 999   0   0   0   0
2004   4 999 999 999 999 999   0   0   0   0
2003   4  70  70  71  71  71   1   0   0  -1
2001   4 999 999 999 999 999   0   0   0   0
1999   4  67  67  67  67  71  -1  -1  -1   1
1998   4  72  71  71  70  70   0   0   0  -1
1997   4 999 999 999 999 999   0   0   0   0
1996   4 999 999 999 999 999   0   0   0   0
1995   4 999 999 999 999 999   0   0   0   0
1994   4  78  78  78  78  78   0  -1  -1  -1
1993   4 999 999 999 999 999   0   0   0   0
1992   4 999 999 999 999 999   0   0   0   0
1991   4  77  76  75  75  76   0   0   1   0
1990   4 999 999 999 999 999   0   0   0   0
1989   4 999 999 999 999 999   0   0   0   0
1988   4 999 999 999 999 999   0   0   0   0
1987   4  75  75  75  77  78   0   1   0   0
1986   4  80  79  78  78  77   0   0  -1   0
1985   4 999 999 999 999 999   0   0   0   0
1984   4  79  78  78  77  76   0   0   0   0
1983   4  67  66  64  63  62   0   0   0   0
1982   4  65  67  68  70  71   0   0   0   0
1981   4  82  84  84  82  81   0   0   0   0
1980   4  74  71  69  68  66   0   0   0   0
1979   4 999 999 999 999 999   0   0   0   0
1978   4 999 999 999 999 999   0   0   0   0
1976   4  52  53  54  54  54   0   0   0   0
1975   4  39  39  42  44  47   1   0   0   0
1974   4  39  38  37  38  39   0   0   0   0
1973   4  43  43  41  40  39   0   0   0   0
1972   4  50  49  48  48  48   0   0   0   0
1971   4  50  47  46  45  44   1   0   0   0
1970   4 999 999 999 999 999   0   0   0   0
1969   4 999 999 999 999 999   0   0   0   0
1968   4 999 999 999 999 999   0   0   0   0
1967   4 999 999 999 999 999   0   0   0   0
1966   4  29  30  32  35  36   0   0   0   0
1965   4  31  30  29  29  29   0   0   0   0
1964   4  36  35  34  33  32   0   0   0   0
1962   4  41  40  39  38  37   0   0   0   0
1961   4  39  42  44  43  42   0   0   0   0
1960   4 999 999 999 999 999   0   0   0   0
1959   4  52  51  50  49  49   0   0   0   0
