Year NDay Positions each day    ; Flags -1=norace, 1=bumped & got bumped
2023   4  44  43  43  42  41   0   0   0   0
2022   4  38  39  41  43  45   0   0   0   0
2021   4  36  35  34  33  34   0   0   0   1
2019   4  44  43  41  41  41   0   0   0   0
2018   4  45  44  44  44  44   0  -1   0  -1
2017   4  48  47  46  45  44   0   0   0   0
2016   4  54  53  52  51  50   0   0   0   0
2015   4  56  55  55  54  54   0   0   0   1
2013   4  62  59  59  58  56   0   0   0   0
2012   4  56  56  57  61  63   0   0   0   0
2011   4  50  51  50  53  56   0   0   0   0
2010   4  48  48  48  49  50  -1   1   0   0
2009   4  55  53  52  50  48   0   0   0   0
2008   4  44  49  50  52  54   0   0   0   0
2006   4  46  46  47  47  46   1   0   1   0
2005   4  43  43  43  44  46   0   0   0   0
2004   4  43  41  42  43  43   0   0   0   0
2003   4  43  42  43  42  42   0   1   0  -1
2001   4  40  40  40  40  40  -1   0   1   0
1999   4  44  43  43  44  43   0   0   0   0
1998   4  45  45  44  45  45   1   0   0  -1
1997   4  33  37  41  42  44   0   0   0   0
1996   4  37  36  35  34  33   0   0   0   0
1995   4 999 999 999 999 999   0   0   0   0
1994   4  39  38  38  38  38   0  -1  -1  -1
1993   4  41  41  41  40  39   1   0   0   0
1992   4  43  43  42  41  41   0   0   0   0
1991   4  43  43  42  42  42   0   0   0   0
1990   4 999 999 999 999 999   0   0   0   0
1989   4  44  44  43  43  43   0   0   0   0
1988   4  48  47  46  45  44   0   0   0   0
1987   4  45  45  45  46  48   0   1   0   0
1986   4  38  40  42  42  45   0   0  -1   0
1985   4  36  36  36  37  37   1   0   0   0
1984   4  41  40  38  37  36   0   0   0   0
1983   4  39  39  41  42  41   0   0   0   0
1982   4  36  35  37  38  39   0   0   0   0
1981   4  34  34  33  36  36   0   0   0   0
1980   4  32  31  30  28  34   0   0   0   0
1979   4  36  36  35  33  32   1   0   0   0
1978   4  28  36  37  36  36   0   0   0   1
1976   4  26  26  27  28  28   0   0   0   0
1975   4  26  26  26  26  26   0   0   0   0
1974   4  25  25  25  25  26   0   0   0   0
1973   4  31  30  27  27  25   0   0   0   0
1972   4  28  28  31  32  32   0   0   0   0
1971   4  29  28  27  28  28   0   0   0   0
1970   4  35  34  32  31  30   0   0   1   0
1969   4  31  33  33  34  36   0   0   0   0
1968   4  27  28  30  30  31   0   0   0   0
1967   4  26  26  27  27  27   0   0   0   0
1966   4  28  28  27  27  26   0   0   0   0
1965   4  29  29  28  28  28   0   0   0   0
1964   4  29  28  27  28  29   0   0   0   0
1962   4  29  30  30  29  29   0   0   0   0
1961   4  33  32  32  30  29   0   0   0   0
1960   4  26  26  31  32  33   0   0   0   0
1959   4  26  26  25  25  26   0   0   0   0
1958   4  30  29  28  27  26   0   0   0   0
1957   4  31  31  31  30  30   0   0   0   0
1956   4  34  34  33  32  31   0   0   0   0
1955   6  28  29  30  31  32  33  34   0   0   0   0   0   0
1954   6  29  29  28  27  28  29  29   0   0   0   0   0   0
1953   6  32  33  33  32  31  30  29   0   0   0   0   0   0
1952   6  27  28  29  30  31  31  32   0   0   0   0   0   0
1951   6  26  25  25  26  26  27  27   0   0   0   0   0   0
1950   6  26  27  27  26  25  25  26   0   0   0   0   0   0
1949   4  28  27  27  26  26   0   0   0   0
1948   6  30  29  28  28  29  29  28   0   0   0   0   0   0
1947   6  27  28  29  30  31  31  30   0   0   0   0   0   0
1946   6  26  26  27  27  27  27  27   0   0   0   0   0   0
1938   6  30  30  29  29  29  28  28   0   0   0   0   0   0
1937   6  33  34  34  33  32  31  30   0   0   0   0   0   0
1936   6  37  36  35  34  34  33  33   0   0   0   0   0   0
1935   6  43  42  41  40  39  38  37   0   0   0   0   0   0
