Year NDay Positions each day    ; Flags -1=norace, 1=bumped & got bumped
2023   4  75  76  77  76  76   0   0   0   0
2022   4 999 999 999 999 999   0   0   0   0
2019   4  78  79  80  80  81   0   0   0   0
2018   4  92  91  90  89  89   0   0   0   0
2017   4 999 999 999 999 999   0   0   0   0
2016   4  69  70  71  71  71   0   0   0   0
2015   4  72  72  72  71  70   0   0   0   0
2014   4  78  77  74  73  72   0   0   0   0
2013   4  88  87  86  85  84   0   0   0   0
2012   4 999 999 999 999 999   0   0   0   0
2011   4  73  74  75  78  78   0   0   0   0
2010   4  76  75  76  77  78   0   0   0   0
2009   4  82  81  81  81  81   0   0   0   0
2008   4 999 999 999 999 999   0   0   0   0
2007   4 999 999 999 999 999   0   0   0   0
2006   4  83  82  81  82  83   0   0   0   0
2005   4 999 999 999 999 999   0   0   0   0
2004   4  70  71  72  73  74   0   0   0   0
2003   4  73  74  75  76  77   0   0   0   0
2002   4  74  75  76  77  78   0   0   0   0
2001   4  69  70  71  72  73   0   0   0   0
2000   4  70  70  71  72  73  -1   0   0   0
1999   4  70  67  67  68  69   0   0   0   0
1998   4  67  70  69  72  71   0   0   0   0
1997   4  68  71  70  71  70   0   0   0   0
1996   4  71  70  69  68  68   0   0   0   0
1995   4  67  67  68  69  70   0   0   0   0
1994   4  64  65  66  66  67   0   0   0   0
1993   4  63  63  63  63  64   0  -1  -1   0
1992   4  63  63  64  64  63   0   0   0   0
1991   4  64  64  64  64  63   0   0   0   0
1990   4  61  61  61  62  63   0   0   0   0
1989   4  62  61  60  61  61   0   0   0   0
1988   4  66  65  64  63  62   0   0   0   0
1987   4  63  64  65  66  66   0   0   0   0
1986   4  60  61  61  62  63   0   0   0   0
1985   4  55  56  57  58  59   0   0   0   0
1984   4  52  53  54  54  55   0   0   0   0
1983   4  51  52  53  53  52   0   0   0   0
1982   4  46  46  49  50  51   0   0   0   0
1981   4  44  44  45  45  46   0   0   0   0
1980   4  43  43  43  44  44   0   0   0   0
1979   4  44  44  43  43  43   0   0   0   0
1978   4  42  43  43  44  44   0   0   0   0
1977   4  39  39  40  41  42   0   0   0   0
1976   4  37  37  38  39  39   0   0   0   0
1975   4  34  35  36  36  37   0   0   0   0
1974   4  31  32  33  34  34   0   0   0   0
1973   4  35  34  33  32  31   0   0   0   0
1972   4  32  33  34  35  35   0   0   0   0
1971   4  30  30  31  31  32   0   0   0   0
1970   4  28  29  29  29  30   0   0   0   0
1969   4  25  25  26  27  28   0   0   0   0
1968   4  25  26  26  26  25   0   0   0   0
1967   4  29  28  27  26  25   0   0   0   0
1966   4  30  30  31  30  29   0   0   0   0
1965   4  34  33  32  31  30   0   0   0   0
1964   4  39  38  36  35  34   0   0   0   0
1963   4  43  42  41  40  39   0   0   0   0
1962   4  44  45  45  44  43   0   0   0   0
1961   4  48  47  47  46  44   0   0   0   0
1960   4  46  47  47  47  48   0   0   0   0
1959   4  43  43  44  45  46   0   0   0   0
1958   4  45  44  44  44  43   0   0   0   0
1957   4  44  44  44  45  45   0   0   0   0
1956   4  47  46  45  45  44   0   0   0   0
1955   4  50  50  49  48  47   0   0   0   0
1954   4  54  53  52  51  50   0   0   0   0
1953   6  60  59  58  57  56  55  54   0   0   0   0   0   0
1952   6  66  65  64  63  62  61  60   0   0   0   0   0   0
1951   6  71  71  70  69  68  67  66   0   0   0   0   0   0
1950   6  71  70  70  69  69  70  71   0   0   0   0   0   0
1949   6  74  74  74  73  72  72  72   0   0   0   0   0   0
1948   6 999 999 999 999 999 999 999   0   0   0   0   0   0
1947   6 999 999 999 999 999 999 999   0   0   0   0   0   0
1946   6 999 999 999 999 999 999 999   0   0   0   0   0   0
1938   6 999 999 999 999 999 999 999   0   0   0   0   0   0
1937   6  47  48  49  50  50  50  50   0   0   0   0   0   0
1936   6  52  51  50  49  48  48  47   0   0   0   0   0   0
1935   6  56  57  56  55  54  53  53   0   0   0   0   0   0
