Year NDay Positions each day    ; Flags -1=norace, 1=bumped & got bumped
2023   4  58  58  59  59  59   0   0   0   0
2022   4  61  60  59  58  57   0   0   0   0
2019   4  61  61  61  60  59   0   0   0   0
2018   4  70  67  66  65  64   0   0   0   0
2017   4  78  77  77  76  75   0   0   0   0
2016   4 999 999 999 999 999   0   0   0   0
2015   4 999 999 999 999 999   0   0   0   0
2014   4  51  52  53  54  54   0   0   0   0
2013   4  47  47  46  52  53   0   0   0   0
2012   4  47  48  49  46  47   0   0   0   0
2011   4  43  44  45  46  47   0   0   0   0
2010   4  40  41  42  43  43   0   0   0   0
2009   4  39  40  40  40  40   0   0   0   0
2008   4  38  39  40  40  39   0   0   0   0
2007   4  39  38  38  38  38   0   0   0   0
2006   4  43  42  41  40  39   0   0   0   0
2005   4  46  45  44  43  42   0   0   0   0
2004   4  46  45  44  47  46   0   0   0   0
2003   4  44  45  46  47  47   0   0   0   0
2002   4  43  44  45  46  45   0   0   0   0
2001   4  38  41  41  41  42   0   0   0   0
2000   4  41  41  40  39  39  -1   0   0   0
1999   4  40  40  41  41  42   0   0   0   0
1998   4  38  38  38  39  40   0   0   0   0
1997   4  42  41  40  39  38   0   0   0   0
1996   4  48  48  45  43  43   0   0   0   0
1995   4  48  49  50  50  50   0   0   0   0
1994   4  49  52  53  53  53   0   0   0   0
1993   4  55  56  56  56  56   0  -1  -1   0
1992   4 999 999 999 999 999   0   0   0   0
1991   4 999 999 999 999 999   0   0   0   0
1990   4  50  50  51  52  52   0   0   0   0
1989   4  52  53  54  54  55   0   0   0   0
1988   4 999 999 999 999 999   0   0   0   0
1987   4 999 999 999 999 999   0   0   0   0
1986   4 999 999 999 999 999   0   0   0   0
1985   4  50  53  54  54  54   0   0   0   0
