Year NDay Positions each day    ; Flags -1=norace, 1=bumped & got bumped
2023   4  17  17  17  16  15   1   0   0   0
2022   4  22  21  20  19  17   0   0   0   0
2021   4  26  24  23  22  20   0   0   0   0
2019   4  17  20  25  27  28   0   0   0   0
2018   4  18  17  17  17  17   0  -1   0   1
2017   4  13  13  15  17  18   0   0   0   0
2016   4   6   8   9  12  13   0   0   0   0
2015   4   3   4   4   5   6   0   0   0   0
2013   4   4   4   4   3   3   0   0   0   0
2012   4   2   3   3   3   4   0   0   0   0
2011   4   3   2   2   2   2   0   0   0   0
2010   4   5   6   5   4   3   0   0   0   0
2009   4   5   4   4   6   5   0   0   0   0
2008   4   7   6   5   5   5   0   0   1   0
2006   4  12  11   9   8   7   0   0   0   0
2005   4  16  15  14  13  12   0   0   0   0
2004   4  21  20  19  17  16   0   0   0   0
2003   4  18  17  21  20  20   0   0   0  -1
2001   4  13  14  15  16  17   0   0   0   0
1999   4  17  17  15  16  15   0   0   0   0
1998   4  18  18  18  17  17   0   0   0  -1
1997   4  21  20  19  18  17   0   0   0   0
1996   4  21  21  24  23  22   0   0   0   0
1995   4 999 999 999 999 999   0   0   0   0
1994   4  22  21  21  21  21   0  -1  -1  -1
1993   4  25  26  23  22  22   0   0   0   0
1992   4  21  23  23  25  25   1   0   0   0
1991   4  23  22  21  21  21   0   0   0   0
1989   4  28  28  27  24  23   0   0   0   0
1988   4  26  26  27  27  28   0   0   0   0
1987   4  25  25  26  26  26   0   0   0   0
1986   4  26  26  24  24  25   0   0  -1   0
1985   4  30  29  28  27  27   0   0   0   0
1984   4  31  32  32  32  31   0   0   0   0
1983   4  32  31  31  30  28   0   0   0   0
1982   4 999 999 999 999 999   0   0   0   0
1981   4 999 999 999 999 999   0   0   0   0
1980   4  33  32  34  33  30   0   0   0   0
