Year NDay Positions each day    ; Flags -1=norace, 1=bumped & got bumped
2023   4   5   5   4   3   2   0   0   0   0
2022   4   6   6   5   5   5   0   0   0   0
2019   4   8   7   6   6   6   0   0   0   0
2018   4   7   7   7   7   8   0   0   0   0
2017   4  11  10   9   8   7   0   0   0   0
2016   4   7   8   9  10  11   0   0   0   0
2015   4   3   4   5   6   7   0   0   0   0
2014   4   3   3   3   3   3   0   0   0   0
2013   4   6   5   4   4   3   0   0   0   0
2012   4   5   5   5   6   6   0   0   0   0
2011   4   2   3   4   4   5   0   0   0   0
2010   4   1   2   2   2   2   0   0   0   0
2009   4   1   1   1   1   1   0   0   0   0
2008   4   1   1   1   1   1   0   0   0   0
2007   4   1   1   1   1   1   0   0   0   0
2006   4   2   1   1   1   1   0   0   0   0
2005   4   3   3   2   2   2   0   0   0   0
2004   4   9   6   5   4   3   0   0   0   0
2003   4  10  11  11  10   9   0   0   0   0
2002   4   8   8   9   9  10   0   0   0   0
2001   4   9   9   9   9   8   0   0   0   0
2000   4   6   7   7   8   9   0   0   0   0
1999   4   4   5   6   6   6   0   0   0   0
1998   4   6   5   4   4   4   0   0   0   0
1997   4   9   9   8   7   6   0   0   0   0
1996   4  11  10  10   9   9   0   0   0   0
1995   4  16  15  14  12  11   0   0   0   0
1994   4  20  19  18  17  16   0   0   0   0
1993   4  23  22  22  21  20   0   0   0   0
1992   4  25  25  24  24  23   0   0   0   0
1991   4  25  25  26  26  24   0   0   0   0
1990   4  22  22  23  24  25   0   0   0   0
1989   4  25  24  23  23  22   0   0   0   0
1988   4  22  22  23  24  25   0   0   0   0
1987   4  23  23  23  22  22   0   0   0   0
1986   4  28  27  26  24  23   0   0   0   0
1985   4  28  29  30  29  28   0   0   0   0
1984   4  30  29  29  28  28   0   0   0   0
1983   4  35  35  36  36  36   0   0   0   0
1982   4  35  35  34  33  32   0   0   0   0
1981   4  43  43  43  43  43   0   0   0   0
