Year NDay Positions each day    ; Flags -1=norace, 1=bumped & got bumped
2022   4  64  67  68  69  70   0   0   0   0
2019   4  58  59  60  61  62   0   0   0   0
2018   4  54  57  58  59  60   0   0   0   0
2017   4  51  52  53  53  54   0   0   0   0
2016   4  51  52  53  53  53   0   0   0   0
2015   4  53  54  53  52  51   0   0   0   0
2014   4 999 999 999 999 999   0   0   0   0
2013   4  45  46  47  48  49   0   0   0   0
2012   4  41  42  43  44  45   0   0   0   0
2011   4  41  41  40  40  41   0   0   0   0
2010   4  42  43  43  42  41   0   0   0   0
2009   4  41  41  42  41  42   0   0   0   0
2008   4  43  43  43  42  41   0   0   0   0
2007   4  47  46  45  44  43   0   0   0   0
2006   4  48  49  49  49  50   0   0   0   0
2005   4  45  46  47  47  47   0   0   0   0
2004   4  45  46  46  45  45   0   0   0   0
2003   4  45  44  44  45  46   0   0   0   0
2002   4  47  47  46  45  46   0   0   0   0
2001   4  49  48  48  47  46   0   0   0   0
2000   4  52  52  52  51  50  -1  -1   0   0
1999   4  56  57  56  55  55   0   0   0   0
1998   4 999 999 999 999 999   0   0   0   0
1997   4  37  37  37  38  39   0   0   0   0
1996   4  35  35  36  37  37   0   0   0   0
1995   4  38  38  37  36  35   0   0   0   0
1994   4  37  38  37  37  38   0   0   0   0
1993   4  37  37  37  37  38   0  -1  -1   0
1992   4  37  38  36  36  37   0   0   0   0
1991   4  39  39  38  37  37   0   0   0   0
1990   4  39  39  40  41  41   0   0   0   0
1989   4  36  37  38  38  39   0   0   0   0
1988   4  34  34  34  35  36   0   0   0   0
1987   4  31  31  32  33  34   0   0   0   0
1986   4  27  28  29  30  31   0   0   0   0
1985   4  27  27  27  27  27   0   0   0   0
1984   4  27  26  26  27  27   0   0   0   0
1983   4  33  34  34  35  35   0   0   0   0
1982   4  42  42  42  43  44   0   0   0   0
1981   4  36  36  36  37  38   0   0   0   0
1980   4  26  26  26  26  27   0   0   0   0
1979   4  24  24  23  23  23   0   0   0   0
1978   4  18  19  18  19  20   0   0   0   0
