Year NDay Positions each day    ; Flags -1=norace, 1=bumped & got bumped
2023   4  36  36  37  36  36   1   0   0   0
2022   4  42  41  40  38  36   0   0   0   0
2021   4  37  36  37  38  37   0   0   0   0
2019   4  46  45  44  43  42   0   0   0   0
2018   4  48  46  46  46  46   0  -1   0  -1
2017   4  52  51  50  48  47   0   0   0   0
2016   4  58  57  56  55  54   0   0   0   0
2015   4  57  56  57  57  58   0   0   0   0
2013   4  66  64  63  62  59   0   0   0   0
2012   4  65  71  70  69  70   0   0   0   0
2011   4  64  65  65  65  66   0   1   0   0
2010   4  65  65  65  64  66  -1  -1   0   0
2009   4  71  70  70  69  68   0   0   0   0
