Year NDay Positions each day    ; Flags -1=norace, 1=bumped & got bumped
2023   4  70  70  71  72  72   0   0   0   0
2022   4  77  78  79  80  81   0   0   0   0
2019   4 999 999 999 999 999   0   0   0   0
2018   4  75  76  77  78  79   0   0   0   0
2017   4  80  79  78  79  79   0   0   0   0
2016   4  88  87  87  88  83   0   0   0   0
2015   4 999 999 999 999 999   0   0   0   0
2014   4  73  74  77  78  79   0   0   0   0
2013   4  75  76  76  77  78   0   0   0   0
2012   4  78  79  80  81  82   0   0   0   0
2011   4  85  85  85  85  84   0   0   0   0
2010   4  74  74  74  72  71   0   0   0   0
2009   4  76  77  78  78  78   0   0   0   0
