Year NDay Positions each day    ; Flags -1=norace, 1=bumped & got bumped
2023   4  44  43  43  43  42   0   0   0   0
2022   4  46  47  47  46  45   0   0   0   0
2019   4  44  44  45  46  46   0   0   0   0
2018   4  48  47  46  45  44   0   0   0   0
2017   4  52  51  50  49  48   0   0   0   0
2016   4  52  53  53  52  52   0   0   0   0
2015   4  55  55  54  52  52   0   0   0   0
2014   4  55  55  55  54  54   0   0   0   0
2013   4  60  59  58  57  56   0   0   0   0
2012   4  61  61  61  60  59   0   0   0   0
2011   4  64  64  63  63  62   0   0   0   0
2010   4  67  67  66  65  64   0   0   0   0
2009   4  72  72  72  71  70   0   0   0   0
2008   4 999 999 999 999 999   0   0   0   0
2007   4 999 999 999 999 999   0   0   0   0
2006   4 999 999 999 999 999   0   0   0   0
2005   4 999 999 999 999 999   0   0   0   0
2004   4 999 999 999 999 999   0   0   0   0
2003   4 999 999 999 999 999   0   0   0   0
2002   4 999 999 999 999 999   0   0   0   0
2001   4 999 999 999 999 999   0   0   0   0
2000   4 999 999 999 999 999   0   0   0   0
1999   4 999 999 999 999 999   0   0   0   0
1998   4 999 999 999 999 999   0   0   0   0
1997   4 999 999 999 999 999   0   0   0   0
1996   4 999 999 999 999 999   0   0   0   0
1995   4 999 999 999 999 999   0   0   0   0
1994   4 999 999 999 999 999   0   0   0   0
1993   4 999 999 999 999 999   0   0   0   0
1992   4 999 999 999 999 999   0   0   0   0
1991   4 999 999 999 999 999   0   0   0   0
1990   4 999 999 999 999 999   0   0   0   0
1989   4 999 999 999 999 999   0   0   0   0
1988   4 999 999 999 999 999   0   0   0   0
1987   4 999 999 999 999 999   0   0   0   0
1986   4 999 999 999 999 999   0   0   0   0
1985   4 999 999 999 999 999   0   0   0   0
1984   4 999 999 999 999 999   0   0   0   0
1983   4 999 999 999 999 999   0   0   0   0
1982   4 999 999 999 999 999   0   0   0   0
1981   4 999 999 999 999 999   0   0   0   0
1980   4 999 999 999 999 999   0   0   0   0
1979   4 999 999 999 999 999   0   0   0   0
1978   4 999 999 999 999 999   0   0   0   0
1977   4 999 999 999 999 999   0   0   0   0
1976   4 999 999 999 999 999   0   0   0   0
1975   4 999 999 999 999 999   0   0   0   0
1974   4 999 999 999 999 999   0   0   0   0
1973   4 999 999 999 999 999   0   0   0   0
1972   4 999 999 999 999 999   0   0   0   0
1971   4  99 100 101 102 103   0   0   0   0
1970   4  98  99 100 101 102   0   0   0   0
1969   4  96  97 100 101 102   0   0   0   0
