Year NDay Positions each day    ; Flags -1=norace, 1=bumped & got bumped
2023   4  71  70  70  67  66   0   0   0   0
2022   4 999 999 999 999 999   0   0   0   0
2021   4 999 999 999 999 999   0   0   0   0
2019   4  60  60  59  57  57   1   0   0   0
2018   4  65  63  63  63  63   0  -1   0  -1
2017   4  72  72  71  69  69   0   0   0   0
2016   4 999 999 999 999 999   0   0   0   0
2015   4 999 999 999 999 999   0   0   0   0
2013   4 999 999 999 999 999   0   0   0   0
2012   4 999 999 999 999 999   0   0   0   0
2011   4 999 999 999 999 999   0   0   0   0
2010   4  68  68  68  71  73  -1  -1   0   0
