Year NDay Positions each day    ; Flags -1=norace, 1=bumped & got bumped
2023   4  59  57  56  55  53   0   0   0   0
2022   4 999 999 999 999 999   0   0   0   0
2021   4 999 999 999 999 999   0   0   0   0
2019   4 999 999 999 999 999   0   0   0   0
2018   4  54  53  53  53  53   0  -1   0  -1
2017   4  57  58  59  60  59   0   0   1   0
2016   4 999 999 999 999 999   0   0   0   0
2015   4 999 999 999 999 999   0   0   0   0
2013   4  59  61  61  61  61   0   0   0   0
2012   4 999 999 999 999 999   0   0   0   0
2011   4 999 999 999 999 999   0   0   0   0
2010   4  42  42  43  47  48  -1   0   0   0
2009   4  38  39  39  40  41   0   0   0   0
2008   4 999 999 999 999 999   0   0   0   0
2006   4  36  35  34  33  33   0   0   0   0
2005   4  39  38  37  36  36   0   0   0   0
2004   4  40  41  41  40  39   0   1   0   0
2003   4  43  42  41  40  40   0   0   0  -1
2001   4 999 999 999 999 999   0   0   0   0
1999   4  48  48  48  48  49  -1  -1  -1   0
1998   4  56  56  55  56  56   0   1   0  -1
1997   4 999 999 999 999 999   0   0   0   0
1996   4 999 999 999 999 999   0   0   0   0
1995   4 999 999 999 999 999   0   0   0   0
1994   4  47  46  46  46  46   0  -1  -1  -1
1993   4 999 999 999 999 999   0   0   0   0
1992   4 999 999 999 999 999   0   0   0   0
1991   4  40  39  39  39  38   0   1   0   0
1989   4  33  33  37  37  41   1   0   0   0
1988   4  36  35  34  33  33   0   0   0   0
1987   4  28  31  32  35  37   0   0   0   0
1986   4  24  25  26  26  28   0   0  -1   0
1985   4  21  22  23  24  24   0   0   0   0
1984   4  25  24  23  22  21   0   0   0   0
1983   4  37  36  35  35  34   0   0   0   0
1982   4 999 999 999 999 999   0   0   0   0
1981   4 999 999 999 999 999   0   0   0   0
1980   4  32  33  32  31  32   0   0   0   1
