Year NDay Positions each day    ; Flags -1=norace, 1=bumped & got bumped
2023   4  36  37  38  37  37   0   0   0   0
2022   4  36  35  35  36  36   0   0   0   0
2019   4  34  35  36  37  36   0   0   0   0
2018   4  32  32  33  33  34   0   0   0   0
2017   4  29  30  31  32  32   0   0   0   0
2016   4  31  32  32  31  30   0   0   0   0
2015   4  34  34  33  32  31   0   0   0   0
2014   4  29  30  31  32  33   0   0   0   0
2013   4  27  28  29  30  30   0   0   0   0
2012   4  23  24  25  26  27   0   0   0   0
2011   4  20  20  21  22  23   0   0   0   0
2010   4  17  18  18  19  20   0   0   0   0
2009   4  14  15  15  16  17   0   0   0   0
2008   4  12  13  14  15  14   0   0   0   0
2007   4  10  10  13  12  12   0   0   0   0
2006   4   9   8   8   9  10   0   0   0   0
2005   4   9  10  10  10   9   0   0   0   0
2004   4   6   9   8   8   9   0   0   0   0
2003   4   9   8   7   7   6   0   0   0   0
2002   4  12  12  11  10   9   0   0   0   0
2001   4  11  12  12  12  12   0   0   0   0
2000   4  10  11  12  12  11   0   0   0   0
1999   4  10  11  11  10  10   0   0   0   0
1998   4   7   7   8   9  10   0   0   0   0
1997   4   4   4   5   6   7   0   0   0   0
1996   4   3   3   3   4   4   0   0   0   0
1995   4   5   4   3   3   3   0   0   0   0
1994   4   9   8   7   6   5   0   0   0   0
1993   4  10   9   8   8   9   0   0   0   0
1992   4  10  10  10  11  10   0   0   0   0
1991   4  13  13  12  11  10   0   0   0   0
1990   4  12  13  13  12  13   0   0   0   0
1989   4   8   9  10  11  12   0   0   0   0
1988   4   5   6   7   7   8   0   0   0   0
1987   4   3   3   4   4   5   0   0   0   0
1986   4   4   3   3   3   3   0   0   0   0
1985   4   6   5   5   4   4   0   0   0   0
1984   4   9   9   8   7   6   0   0   0   0
1983   4   6   7   7   8   9   0   0   0   0
1982   4   2   3   4   5   6   0   0   0   0
1981   4   5   4   3   2   2   0   0   0   0
1980   4   9   8   7   6   5   0   0   0   0
1979   4  10  10  10  10  10   0   0   0   0
1978   4   7   8   9   9  10   0   0   0   0
1977   4   8   7   7   7   7   0   0   0   0
1976   4   7   7   8   8   8   0   0   0   0
