Year NDay Positions each day    ; Flags -1=norace, 1=bumped & got bumped
2023   4  34  33  32  32  31   0   0   0   0
2022   4  28  28  27  31  34   0   0   0   0
2021   4  22  23  24  24  26   0   0   0   0
2019   4  29  28  27  26  24   0   0   0   0
2018   4  31  30  30  30  29   0  -1   0   0
2017   4  32  32  31  31  31   0   0   0   0
2016   4  36  35  34  33  32   0   0   0   0
2015   4  36  36  35  37  36   1   0   0   0
2013   4  24  25  27  31  36   0   0   0   0
2012   4  23  24  25  25  25   1   0   0   0
2011   4  14  15  25  24  23   0   0   0   0
2010   4   9  11  12  13  14   0   0   0   0
2009   4   7   7   9   8   9   0   0   0   0
2008   4   5   4   3   6   7   0   0   0   0
2006   4  10   8   7   6   5   0   0   0   0
2005   4  14  12  11  11  10   0   0   0   0
2004   4  15  14  13  13  14   0   0   0   0
2003   4  17  16  15  14  14   0   0   0  -1
2001   4  18  17  17  17  16   0   1   0   0
1999   4  16  16  16  15  20   0   1   0   0
1998   4   8  13  15  16  16   0   0   0  -1
1997   4   8   7   7   7   8   0   0   1   0
1996   4  11  10  10   9   8   0   0   0   0
1995   4  10  10  10  10  11   0   0   0   0
1994   4   9  10  10  10  10   0  -1  -1  -1
1993   4   9   9  11  10   9   0   0   0   0
1992   4  14  12  11  10   9   0   0   0   0
1991   4  15  15  15  15  14   0   1   0   0
1989   4  16  16  15  15  15   1   0   0   0
1988   4  21  20  18  17  16   0   0   0   0
1987   4   6  10  13  17  21   0   0   0   0
1986   4   5   6   6   6   6   0   0  -1   0
1985   4   4   5   5   5   5   0   0   0   0
1984   4   5   5   5   4   4   0   0   0   0
1983   4   8   7   6   6   5   0   0   0   0
1982   4   6   7   7   7   8   0   0   1   0
1981   4  11  10   8   7   6   0   0   0   0
1980   4  15  14  12  11  11   0   0   0   0
1979   4  15  14  14  14  15   0   1   0   0
