Year NDay Positions each day    ; Flags -1=norace, 1=bumped & got bumped
2023   4  50  49  48  49  49   0   0   0   0
2022   4  50  51  51  51  50   0   0   0   0
2019   4  50  49  49  48  48   0   0   0   0
2018   4  57  54  53  52  51   0   0   0   0
2017   4  54  54  55  56  57   0   0   0   0
2016   4  58  58  57  56  56   0   0   0   0
2015   4  61  61  61  60  59   0   0   0   0
2014   4  66  65  64  63  62   0   0   0   0
2013   4  77  76  75  74  73   0   0   0   0
2012   4 999 999 999 999 999   0   0   0   0
2011   4 999 999 999 999 999   0   0   0   0
2010   4  57  56  56  57  58   0   0   0   0
2009   4  56  56  57  57  57   0   0   0   0
2008   4  58  57  57  56  56   0   0   0   0
2007   4  61  60  59  58  57   0   0   0   0
2006   4  70  69  68  67  66   0   0   0   0
2005   4 999 999 999 999 999   0   0   0   0
2004   4  66  67  68  69  70   0   0   0   0
2003   4 999 999 999 999 999   0   0   0   0
2002   4 999 999 999 999 999   0   0   0   0
2001   4 999 999 999 999 999   0   0   0   0
2000   4 999 999 999 999 999   0   0   0   0
1999   4 999 999 999 999 999   0   0   0   0
1998   4  49  48  48  47  47   0   0   0   0
1997   4  55  55  55  54  54   0   0   0   0
1996   4 999 999 999 999 999   0   0   0   0
1995   4  36  37  38  39  40   0   0   0   0
1994   4  32  33  34  35  36   0   0   0   0
1993   4  30  31  31  31  32   0  -1  -1   0
1992   4  26  27  28  29  30   0   0   0   0
1991   4  22  23  23  24  25   0   0   0   0
1990   4  18  19  20  21  22   0   0   0   0
1989   4  12  13  14  17  18   0   0   0   0
1988   4   9   9  10  11  12   0   0   0   0
1987   4   6   6   7   8   9   0   0   0   0
1986   4   3   4   4   5   6   0   0   0   0
1985   4   4   4   3   3   3   0   0   0   0
1984   4   8   7   6   5   4   0   0   0   0
1983   4  12  11  10   9   8   0   0   0   0
1982   4  15  14  14  13  12   0   0   0   0
1981   4  18  18  17  16  15   0   0   0   0
1980   4  18  18  17  17  18   0   0   0   0
1979   4  21  21  21  20  19   0   0   0   0
1978   4  22  21  20  21  22   0   0   0   0
1977   4 999 999 999 999 999   0   0   0   0
1976   4  12  12  11  11  10   0   0   0   0
