Year NDay Positions each day    ; Flags -1=norace, 1=bumped & got bumped
2023   4  51  51  51  51  52   0   0   0   0
2022   4  53  53  53  53  53   0   0   0   0
2021   4  49  49  48  48  49   0   0   0   0
2019   4  61  62  60  58  59   0   0   0   0
2018   4  63  73  73  73  73   0  -1   0  -1
2017   4  50  55  57  61  64   0   0   0   0
2016   4  56  55  54  53  52   0   0   0   0
2015   4  49  53  54  56  56   0   0   0   0
2013   4  52  50  50  49  49   0   1   0   0
2012   4  54  55  54  53  53   0   0   0   0
2011   4  62  60  57  56  54   0   0   0   0
2010   4  64  64  64  63  63  -1  -1   0   0
2009   4  67  67  67  66  66   0   0   0   0
2008   4  70  69  67  67  69   0   0   0   0
2006   4  59  61  62  65  66   0   0   0   0
2005   4  62  59  58  59  59   0   0   0   1
2004   4  68  67  67  65  64   0   0   0   0
2003   4  71  69  69  69  69   0   0   0  -1
2001   4 999 999 999 999 999   0   0   0   0
1999   4 999 999 999 999 999   0   0   0   0
1998   4 999 999 999 999 999   0   0   0   0
1997   4  79  78  76  76  75   0   0   0   0
1996   4 999 999 999 999 999   0   0   0   0
1995   4 999 999 999 999 999   0   0   0   0
1994   4 999 999 999 999 999   0   0   0   0
1993   4 999 999 999 999 999   0   0   0   0
1992   4  72  71  70  69  70   0   0   0   0
1991   4  73  75  78  78  78   0   0   0   1
1990   4 999 999 999 999 999   0   0   0   0
1989   4  84  84  83  81  80   0   0   0   0
