Year NDay Positions each day    ; Flags -1=norace, 1=bumped & got bumped
2023   4  20  20  20  20  20   0   0   0   0
2022   4  17  18  19  20  20   0   0   0   0
2019   4  19  19  18  17  17   0   0   0   0
2018   4  23  22  21  20  19   0   0   0   0
2017   4  23  24  24  23  23   0   0   0   0
2016   4  28  26  25  24  23   0   0   0   0
2015   4  31  31  30  29  28   0   0   0   0
2014   4  32  32  32  31  31   0   0   0   0
2013   4  31  31  32  32  32   0   0   0   0
2012   4  35  34  33  32  31   0   0   0   0
2011   4  39  38  37  36  35   0   0   0   0
2010   4  37  37  37  38  39   0   0   0   0
2009   4  36  37  37  36  37   0   0   0   0
2008   4  33  33  34  35  36   0   0   0   0
2007   4  32  32  32  32  33   0   0   0   0
2006   4  32  32  32  32  32   0   0   0   0
2005   4  32  33  33  33  32   0   0   0   0
2004   4  33  33  33  32  32   0   0   0   0
2003   4  35  34  33  33  33   0   0   0   0
2002   4  37  37  36  36  35   0   0   0   0
2001   4  37  37  37  37  37   0   0   0   0
2000   4  40  40  40  39  38   0   0   0   0
1999   4  44  43  42  41  40   0   0   0   0
1998   4  43  44  44  44  43   0   0   0   0
1997   4  41  44  44  45  45   0   0   0   0
1996   4  39  39  40  40  41   0   0   0   0
1995   4  40  41  41  40  39   0   0   0   0
1994   4  39  39  40  40  40   0   0   0   0
1993   4  41  40  40  39  39   0   0   0   0
1992   4  45  44  43  42  41   0   0   0   0
1991   4  49  48  47  46  45   0   0   0   0
1990   4  87  86  80  79  78   0   0   0   0
1989   4  98  96  95  94  92   0   0   0   0
1988   4 106 106 106 106 106   0   0   0   0
1987   4 999 999 999 999 999   0   0   0   0
1986   4 999 999 999 999 999   0   0   0   0
1985   4 999 999 999 999 999   0   0   0   0
1984   4 999 999 999 999 999   0   0   0   0
1983   4 999 999 999 999 999   0   0   0   0
1982   4 999 999 999 999 999   0   0   0   0
1981   4 999 999 999 999 999   0   0   0   0
1980   4 999 999 999 999 999   0   0   0   0
1979   4 999 999 999 999 999   0   0   0   0
1978   4 999 999 999 999 999   0   0   0   0
1977   4 999 999 999 999 999   0   0   0   0
1976   4 999 999 999 999 999   0   0   0   0
1975   4 100 101 101 100 103   0   0   0   0
1974   4 101 102 103 103 103   0   0   0   0
