Year NDay Positions each day    ; Flags -1=norace, 1=bumped & got bumped
2023   4  30  30  31  31  32   0   0   0   0
2022   4  28  29  30  30  30   0   0   0   0
2019   4  27  26  27  27  28   0   0   0   0
2018   4  27  26  26  27  27   0   0   0   0
2017   4  24  25  26  27  27   0   0   0   0
2016   4  21  21  22  23  24   0   0   0   0
2015   4  23  23  23  22  21   0   0   0   0
2014   4  27  26  26  23  22   0   0   0   0
2013   4  25  26  26  27  28   0   0   0   0
2012   4  27  27  26  25  25   0   0   0   0
2011   4  23  24  25  26  27   0   0   0   0
2010   4  25  26  24  24  23   0   0   0   0
2009   4  25  26  26  25  25   0   0   0   0
2008   4  25  26  26  25  25   0   0   0   0
2007   4  24  23  23  24  25   0   0   0   0
2006   4  28  27  26  24  24   0   0   0   0
2005   4  31  30  29  29  28   0   0   0   0
2004   4  31  32  32  31  31   0   0   0   0
2003   4  34  34  33  32  31   0   0   0   0
2002   4  38  38  37  36  35   0   0   0   0
2001   4  34  35  35  36  37   0   0   0   0
2000   4  31  32  33  34  35   0   0   0   0
1999   4  29  30  31  32  32   0   0   0   0
1998   4  31  30  30  30  29   0   0   0   0
1997   4  28  28  29  30  31   0   0   0   0
1996   4  24  25  26  27  28   0   0   0   0
1995   4  20  21  22  23  24   0   0   0   0
1994   4  17  18  19  19  20   0   0   0   0
1993   4  17  17  17  17  17   0   0   0   0
1992   4  15  16  16  17  17   0   0   0   0
1991   4  11  12  13  14  15   0   0   0   0
1990   4   7   8   9  10  11   0   0   0   0
1989   4   3   4   5   6   7   0   0   0   0
1988   4   2   3   3   3   3   0   0   0   0
1987   4   5   4   3   2   2   0   0   0   0
1986   4   2   5   6   6   5   0   0   0   0
1985   4   1   2   2   2   2   0   0   0   0
1984   4   1   1   1   1   1   0   0   0   0
1983   4   1   1   1   1   1   0   0   0   0
1982   4   3   2   2   1   1   0   0   0   0
1981   4   4   5   5   4   3   0   0   0   0
1980   4   1   2   2   3   4   0   0   0   0
1979   4   2   1   1   1   1   0   0   0   0
1978   4   4   3   3   2   2   0   0   0   0
1977   4   3   3   3   4   4   0   0   0   0
1976   4   2   3   3   3   3   0   0   0   0
