Year NDay Positions each day    ; Flags -1=norace, 1=bumped & got bumped
2023   4  28  28  28  28  27   0   1   0   0
2022   4  30  29  29  28  28   0   0   1   1
2021   4  25  25  25  27  28   1   0   0   0
2019   4  28  30  29  28  27   0   0   0   0
2018   4  29  28  28  28  28   0  -1   0   0
2017   4  23  25  27  28  29   0   0   0   0
2016   4  29  28  27  26  23   0   0   0   0
2015   4  29  28  28  29  29   0   1   0   0
2013   4  26  28  29  29  29   0   0   1   0
2012   4  21  25  26  26  27   0   0   0   0
2011   4  22  22  22  21  21   1   1   0   0
2010   4  24  24  23  22  22   0   0   0   0
2009   4  19  20  21  22  23   0   0   0   0
2008   4  17  17  18  19  20   0   0   0   0
2006   4  21  20  19  18  17   0   0   0   0
2005   4  25  24  23  22  21   0   0   0   0
2004   4  25  26  25  26  25   0   0   0   0
2003   4  26  23  22  24  24   0   0   0  -1
2001   4 999 999 999 999 999   0   0   0   0
1999   4  28  27  28  27  26   0   0   0   0
1998   4  33  32  31  30  30   0   0   0  -1
1997   4  30  32  31  31  32   0   0   0   0
1996   4  33  32  31  30  30   0   0   0   0
1995   4 999 999 999 999 999   0   0   0   0
1994   4  35  34  34  34  34   0  -1  -1  -1
1993   4  21  25  28  31  35   0   0   0   0
1992   4  11  13  16  20  21   0   0   0   0
1991   4   5   5   8   9  11   0   0   0   0
1989   4   4   5   5   5   6   0   0   0   0
1988   4   3   4   4   4   4   0   0   0   0
1987   4   2   2   2   3   3   0   0   0   0
1986   4   1   1   1   1   2   0   0  -1   0
1985   4   5   4   3   2   1   0   0   0   0
1984   4   9   8   7   6   5   0   0   0   0
1983   4  13  12  11  10   9   0   0   0   0
1982   4   9   8  11  13  13   0   0   0   0
1981   4  13  12  11  10   9   0   0   0   0
1980   4   6   9  11  12  13   0   0   0   0
1979   4  10   9   8   7   6   0   0   1   0
