Year NDay Positions each day    ; Flags -1=norace, 1=bumped & got bumped
2023   4  19  20  19  18  18   0   0   0   0
2022   4  22  21  20  19  19   0   0   0   0
2021   4  24  23  22  21  20   0   0   0   0
2019   4  29  29  29  28  27   0   0   0   0
2018   4  31  30  30  30  29   0  -1   0   0
2017   4  28  30  30  29  30   0   0   0   0
2016   4  34  33  31  30  29   0   0   0   0
2015   4  25  26  28  33  34   0   0   0   0
2013   4  23  25  25  25  25   0   0   0   0
2012   4  26  26  26  24  23   0   0   0   0
2011   4  24  24  24  25  26   0   1   0   0
2010   4  25  25  26  25  24   0   0   0   0
2009   4  27  26  24  25  25   0   0   0   0
2008   4  30  29  28  28  27   0   0   0   0
2006   4  35  33  32  31  30   0   0   0   0
2005   4  35  36  37  36  35   0   0   0   0
2004   4  38  36  36  36  35   0   1   0   0
2003   4  41  41  40  38  38   0   0   0  -1
2001   4 999 999 999 999 999   0   0   0   0
1999   4  37  36  36  35  34   0   1   0   0
1998   4  38  39  39  38  38   0   0   0  -1
1997   4  28  28  31  33  37   0   0   0   0
1996   4 999 999 999 999 999   0   0   0   0
1995   4 999 999 999 999 999   0   0   0   0
1994   4  27  27  27  27  27   0  -1  -1  -1
1993   4  28  28  28  27  27   0   0   0   0
1992   4  26  30  30  29  28   0   0   0   0
1991   4  55  54  52  51  50   0   0   0   0
1990   4 999 999 999 999 999   0   0   0   0
1989   4  82  82  81  80  79   0   0   0   0
