Year NDay Positions each day    ; Flags -1=norace, 1=bumped & got bumped
2023   4  46  46  47  46  45   0   0   0   0
2022   4 999 999 999 999 999   0   0   0   0
2021   4  41  40  40  39  39   0   1   0   0
2019   4  50  51  50  48  47   0   0   0   0
2018   4  56  55  55  55  55   0  -1   0  -1
2017   4 999 999 999 999 999   0   0   0   0
2016   4  46  45  45  46  48   0   1   0   0
2015   4  52  51  50  49  48   0   0   0   0
2013   4  56  57  56  59  60   0   0   0   0
2012   4 999 999 999 999 999   0   0   0   0
2011   4 999 999 999 999 999   0   0   0   0
2010   4  52  52  52  55  55  -1  -1   0   0
2009   4  57  57  55  54  53   1   0   0   0
2008   4 999 999 999 999 999   0   0   0   0
2006   4  58  58  58  59  59   1   1   0   0
2005   4 999 999 999 999 999   0   0   0   0
2004   4 999 999 999 999 999   0   0   0   0
2003   4 999 999 999 999 999   0   0   0   0
2001   4 999 999 999 999 999   0   0   0   0
1999   4  40  40  40  40  40  -1  -1  -1   1
1998   4  48  46  45  44  44   0   0   0  -1
1997   4  49  49  48  48  47   0   0   0   0
1996   4 999 999 999 999 999   0   0   0   0
1995   4 999 999 999 999 999   0   0   0   0
1994   4 999 999 999 999 999   0   0   0   0
1993   4 999 999 999 999 999   0   0   0   0
1992   4  30  34  37  39  40   0   0   0   0
1991   4  24  23  25  30  30   0   0   0   1
1989   4   8  13  20  22  24   0   0   0   0
1988   4  10   9   9   8   8   0   0   0   0
1987   4  15  14  12  11  10   0   0   0   0
1986   4  15  16  15  15  15   0   0  -1   0
1985   4  19  18  17  16  15   0   0   0   0
1984   4  23  22  21  20  20   0   0   0   0
1983   4  24  25  25  24  23   0   0   0   0
1982   4  24  25  24  23  24   0   0   0   0
1981   4  27  27  26  25  24   0   0   0   0
1980   4  29  29  28  28  26   0   0   1   0
