Year NDay Positions each day    ; Flags -1=norace, 1=bumped & got bumped
2023   4  63  65  64  64  63   0   0   0   0
2022   4  61  62  63  64  66   0   0   0   0
2021   4 999 999 999 999 999   0   0   0   0
2019   4  52  54  57  59  58   0   0   1   0
2018   4  50  52  52  52  52   0  -1   0  -1
2017   4  44  45  47  49  49   0   0   0   0
2016   4  39  39  40  47  45   0   0   0   0
2015   4  43  41  40  40  39   0   0   0   0
2013   4  41  41  40  42  43   1   0   0   0
2012   4  44  43  42  41  41   0   0   0   0
2011   4  43  43  44  44  44   0   0   0   0
2010   4  35  37  39  42  43   0   0   0   0
2009   4  33  34  35  35  35   1   0   0   0
2008   4  38  36  35  33  33   0   0   0   0
2006   4  38  37  38  38  38   0   0   0   0
2005   4  41  40  39  39  38   0   0   0   0
2004   4  44  42  41  41  41   0   0   0   0
2003   4  42  43  42  43  43   0   1   0  -1
2001   4  36  37  39  38  39   0   0   0   0
1999   4  43  42  41  40  39   0   0   0   0
1998   4  47  47  45  44  44   1   0   0  -1
1997   4  43  47  46  46  46   0   0   1   0
1996   4  46  45  44  43  43   0   0   0   0
1995   4 999 999 999 999 999   0   0   0   0
1994   4  45  47  47  47  47   1  -1  -1  -1
1993   4  43  47  46  45  44   0   0   0   0
1992   4  48  47  46  45  44   0   0   0   0
1991   4  47  46  47  46  47   0   0   0   0
1990   4 999 999 999 999 999   0   0   0   0
1989   4  48  47  46  47  47   0   0   0   0
1988   4  49  48  49  49  48   0   0   0   0
1987   4  40  40  49  49  49   0   0   0   0
1986   4  43  42  41  41  40   0   0  -1   0
1985   4  42  42  43  43  42   0   0   0   0
1984   4  39  39  39  39  41   0   1   0   0
1983   4  42  41  40  40  39   0   0   0   0
1982   4  38  38  39  40  42   0   0   0   0
1981   4  43  42  41  39  38   0   0   0   0
1980   4  35  37  40  43  43   0   0   0   0
1979   4  35  32  34  36  35   0   0   0   0
1978   4  48  47  43  38  35   0   0   0   0
1976   4  39  47  47  48  49   0   1   0   0
1975   4  35  35  37  38  39   0   0   0   0
1974   4  26  29  30  32  35   0   0   0   0
1973   4  24  24  23  25  26   0   0   0   0
1972   4  24  23  24  23  24   0   0   0   0
1971   4  17  18  21  23  24   0   0   0   0
1970   4  23  19  18  18  17   0   0   0   0
1969   4  24  24  25  24  23   0   0   0   0
1968   4  24  24  23  23  24   0   0   0   0
1967   4  25  25  25  25  24   0   0   0   0
1966   4  27  26  26  25  25   0   0   0   0
1965   4  28  27  27  27  27   0   0   0   0
1964   4  31  31  30  29  28   0   0   0   0
1962   4  28  28  29  30  31   0   0   0   0
1961   4  24  25  25  29  28   0   0   0   0
1960   4  29  27  26  24  24   0   0   0   0
1959   4  28  28  28  29  29   0   0   0   0
1958   4  31  31  30  29  28   0   0   0   0
1957   4  35  34  33  32  31   0   0   0   0
1956   4  39  38  37  36  35   0   0   0   0
1955   6  47  44  43  42  41  40  39   0   0   0   0   0   0
1954   6 999 999 999 999 999 999 999   0   0   0   0   0   0
1953   6 999 999 999 999 999 999 999   0   0   0   0   0   0
1952   6 999 999 999 999 999 999 999   0   0   0   0   0   0
1951   6  39  40  41  42  43  44  44   0   0   0   0   0   0
1950   6  36  37  34  35  38  38  39   0   0   0   0   0   0
1949   4  35  36  37  37  36   0   0   0   0
1948   6  29  30  31  32  33  34  35   0   0   0   0   0   0
1947   6  23  24  25  26  27  28  29   0   0   0   0   0   0
1946   6  24  24  23  22  22  23  23   0   0   0   0   0   0
1938   6  23  22  21  20  20  20  19   0   0   0   0   0   0
1937   6  32  29  28  26  25  24  23   0   0   0   0   0   0
1936   6  26  27  28  29  30  31  32   0   0   0   0   0   0
1935   6  30  30  29  28  27  26  26   0   0   0   0   0   0
1934   6  27  27  28  28  29  30  30   0   0   0   0   0   0
1933   6  30  29  29  29  29  28  27   0   0   0   0   0   0
1932   6  35  34  33  33  32  31  30   0   0   0   0   0   0
1931   6  34  34  34  33  33  34  35   0   0   0   0   0   0
1930   6  34  35  35  35  35  35  35   0   0   0   0   0   0
1929   4 999 999 999 999 999   0   0   0   0
1928   6  31  32  32  32  32  33  33   0   0   0   0   0   0
1927   6  30  31  32  32  32  31  31   0   0   0   0   0   0
1926   6  29  29  29  29  30  30  30   0   0   0   0   0   0
1925   6  24  25  26  27  28  29  30   0   0   0   0   0   0
1924   6  29  28  27  26  26  25  24   0   0   0   0   0   0
1923   6  23  24  25  26  27  28  29   0   0   0   0   0   0
1922   6  23  24  24  23  23  23  23   0   0   0   0   0   0
1921   6  21  22  23  23  23  23  23   0   0   0   0   0   0
1920   6  17  17  18  18  19  20  21   0   0   0   0   0   0
1914   6  13  14  15  15  16  17  17   0   0   0   0   0   0
1913   6  17  16  15  14  14  14  13   0   0   0   0   0   0
1912   6  22  22  20  20  19  18  17   0   0   0   0   0   0
1911   6  21  21  22  22  22  22  22   0   0   0   0   0   0
1910   6  27  27  26  25  24  22  21   0   0   0   0   0   0
1909   6  29  28  28  28  28  27  27   0   0   0   0   0   0
1908   6  26  26  27  27  28  29  29   0   0   0   0   0   0
1907   6  26  26  26  26  26  26  26   0   0   0   0   0   0
1906   6  30  30  30  29  28  27  26   0   0   0   0   0   0
1905   6 999 999 999 999 999 999 999   0   0   0   0   0   0
1904   6 999 999 999 999 999 999 999   0   0   0   0   0   0
1903   6 999 999 999 999 999 999 999   0   0   0   0   0   0
1902   6 999 999 999 999 999 999 999   0   0   0   0   0   0
1901   6 999 999 999 999 999 999 999   0   0   0   0   0   0
1900   6 999 999 999 999 999 999 999   0   0   0   0   0   0
1899   6 999 999 999 999 999 999 999   0   0   0   0   0   0
1898   6  28  28  28  29  29  30  30   0   0   0   0   0   0
1897   6  30  30  30  29  28  28  28   0   0   0   0   0   0
