Year NDay Positions each day    ; Flags -1=norace, 1=bumped & got bumped
2023   4  47  49  51  53  55   0   0   0   0
2022   4  41  41  40  43  47   0   0   0   0
2021   4 999 999 999 999 999   0   0   0   0
2019   4  38  36  38  38  36   0   0   0   0
2018   4  37  38  38  38  38   0  -1   0  -1
2017   4  37  38  36  36  37   0   0   1   0
2016   4  31  34  37  36  37   0   0   0   0
2015   4  33  32  32  31  31   0   0   0   0
2013   4  30  33  33  34  33   0   0   1   0
2012   4  36  34  33  32  31   0   0   0   0
2011   4  39  38  37  36  36   0   0   0   0
2010   4  37  37  37  39  39  -1   0   0   0
2009   4  35  34  34  34  36   0   0   0   0
2008   4  39  38  36  35  35   0   0   0   0
2006   4  44  46  46  46  45   0   0   0   0
2005   4  51  50  48  47  46   0   0   0   0
2004   4  54  54  55  55  54   1   0   1   0
2003   4  41  49  55  57  57   0   0   0  -1
2001   4 999 999 999 999 999   0   0   0   0
1999   4  47  47  47  47  46  -1  -1  -1   0
1998   4  59  58  56  55  55   0   0   0  -1
1997   4 999 999 999 999 999   0   0   0   0
1996   4 999 999 999 999 999   0   0   0   0
1995   4 999 999 999 999 999   0   0   0   0
1994   4 999 999 999 999 999   0   0   0   0
1993   4 999 999 999 999 999   0   0   0   0
1992   4 999 999 999 999 999   0   0   0   0
1991   4  51  50  48  47  46   0   0   0   0
1989   4 999 999 999 999 999   0   0   0   0
1988   4  34  34  37  39  42   1   0   0   0
1987   4  34  34  33  32  34   0   0   0   0
1986   4  36  35  34  34  33   0   0  -1   0
1985   4 999 999 999 999 999   0   0   0   0
1984   4 999 999 999 999 999   0   0   0   0
1983   4 999 999 999 999 999   0   0   0   0
1982   4  30  29  28  28  28   0   0   1   0
