Year NDay Positions each day    Flags 1=bumped & got bumped
1980   4   78  78  78  79  78   0   0   0   0   0
1981   4   76  78  80  79  78   0   0   0   0   0
1982   4  999 999 999 999 999   0   0   0   0   0
1983   4  999 999 999 999 999   0   0   0   0   0
1984   4  999 999 999 999 999   0   0   0   0   0
1985   4  999 999 999 999 999   0   0   0   0   0
1986   4  999 999 999 999 999   0   0   0   0   0
1987   4   77  76  74  72  71   0   0   0   0   0
1988   4   69  67  66  65  63   0   0   0   0   0
1989   4  999 999 999 999 999   0   0   0   0   0
1990   4  999 999 999 999 999   0   0   0   0   0
1991   4  999 999 999 999 999   0   0   0   0   0
1992   4  999 999 999 999 999   0   0   0   0   0
1993   4  999 999 999 999 999   0   0   0   0   0
1994   4  999 999 999 999 999   0   0   0   0   0
1995   4  999 999 999 999 999   0   0   0   0   0
1996   4  999 999 999 999 999   0   0   0   0   0
1997   4  999 999 999 999 999   0   0   0   0   0
1998   4  999 999 999 999 999   0   0   0   0   0
1999   4  999 999 999 999 999   0   0   0   0   0
2001   4  999 999 999 999 999   0   0   0   0   0
2003   4  999 999 999 999 999   0   0   0   0   0
2004   4  999 999 999 999 999   0   0   0   0   0
2005   4  999 999 999 999 999   0   0   0   0   0
2006   4  999 999 999 999 999   0   0   0   0   0
2008   4  999 999 999 999 999   0   0   0   0   0
2009   4  999 999 999 999 999   0   0   0   0   0
2010   4  999 999 999 999 999   0   0   0   0   0
2011   4  999 999 999 999 999   0   0   0   0   0
2012   4  999 999 999 999 999   0   0   0   0   0
2013   4  999 999 999 999 999   0   0   0   0   0
2015   4   71  72  71  70  70   0   0   0   0   0
2016   4   66  65  63  63  63   0   0   0   0   0
