Year NDay Positions each day
1932   6   53  53  53  52  52  51  51
1933   6   48  49  49  50  51  51  51
1934   6   49  50  51  52  53  54  54
1935   6  999 999 999 999 999 999 999
1936   6  999 999 999 999 999 999 999
1937   6   59  58  57  56  55  54  53
1938   6   51  51  50  49  50  50  49
1939   6   46  47  47  48  49  50  51
1946   6   50  49  48  47  46  45  44
1947   6   44  44  45  46  47  47  46
1948   6   46  47  46  49  50  51  51
1949   6   51  51  52  52  51  51  52
1950   6   52  53  54  55  56  57  58
1951   6   58  58  58  59  60  61  61
1952   6   61  62  63  64  65  66  67
1953   6   67  68  68  68  69  69  69
1954   4   69  69  69  69  70
1955   4   67  67  68  69  69
1956   4   68  68  68  68  69
1957   4   69  69  70  71  71
1958   4   69  69  68  67  67
1959   4   83  82  82  82  83
1960   4  999 999 999 999 999
1961   4   76  75  74  73  73
1962   4   73  72  71  70  70
1963   4   69  69  68  67  66
1964   4   66  65  64  63  62
1965   4   62  62  62  61  61
1966   4   60  60  59  58  57
1967   4   57  58  59  60  61
1968   4   61  61  62  61  60
1969   4   60  61  61  61  62
1970   4   62  58  58  57  57
1971   4   57  57  58  61  62
1972   4   62  61  60  61  61
1973   4   62  58  57  56  55
1974   4   56  55  55  56  57
1975   4   57  58  59  60  61
1976   4   61  62  63  64  64
1977   4   64  65  66  67  68
1978   4   68  69  69  68  67
1979   4   67  68  69  70  71
1980   4   71  71  70  70  69
1981   4   69  68  68  67  66
1982   4   66  69  70  71  72
1983   4   72  73  74  75  76
1984   4   83  83  82  82  81
1985   4   79  79  79  79  78
1986   4   78  77  76  75  74
1987   4   74  72  71  70  69
1988   4   69  70  71  72  73
1989   4   73  74  75  76  77
1990   4   76  75  75  76  77
1991   4   80  79  79  80  80
1992   4   76  75  75  74  74
1993   4   73  73  73  73  72
1994   4   72  73  74  75  76
1995   4   75  76  76  77  78
1996   4   77  76  79  78  81
1997   4  999 999 999 999 999
1998   4   89  88  88  87  87
1999   4   84  83  82  81  81
2000   4   80  80  81  84  83
2001   4   75  76  77  78  79
2002   4  999 999 999 999 999
2003   4  999 999 999 999 999
2004   4   80  83  84  85  85
2005   4   76  76  77  77  78
2006   4   73  74  73  73  72
2007   4   69  69  68  69  70
2008   4   67  68  68  68  69
2009   4   67  68  69  70  71
2010   4   68  68  68  67  66
2011   4   65  65  66  67  68
2012   4   67  67  67  67  67
2013   4   67  65  64  64  63
2014   4   79  80  80  79  80
2015   4   77  76  75  78  79
2016   4   75  74  73  72  72
