Year NDay Positions each day    ; Flags -1=norace, 1=bumped & got bumped
2023   4  16  16  15  14  13   0   0   0   0
2022   4  14  14  15  16  16   0   0   0   0
2019   4  10  11  12  13  14   0   0   0   0
2018   4  10  11  11  10  10   0   0   0   0
2017   4   9   9  10  10  10   0   0   0   0
2016   4   5   6   7   8   9   0   0   0   0
2015   4   2   2   3   4   5   0   0   0   0
2014   4   1   1   2   2   2   0   0   0   0
2013   4   3   2   1   1   1   0   0   0   0
2012   4   4   4   4   3   3   0   0   0   0
2011   4   8   7   6   5   4   0   0   0   0
2010   4  11  10   9   9   8   0   0   0   0
2009   4  13  13  13  12  11   0   0   0   0
2008   4  15  14  12  12  13   0   0   0   0
2007   4  19  18  17  16  15   0   0   0   0
2006   4  21  21  20  19  19   0   0   0   0
2005   4  26  24  23  22  21   0   0   0   0
2004   4  24  25  24  25  26   0   0   0   0
2003   4  21  22  23  23  24   0   0   0   0
2002   4  22  21  20  20  21   0   0   0   0
2001   4  18  19  20  21  22   0   0   0   0
2000   4  19  19  18  18  18   0   0   0   0
1999   4  20  19  19  19  19   0   0   0   0
1998   4  22  21  21  20  20   0   0   0   0
1997   4  18  19  20  21  22   0   0   0   0
1996   4  19  18  18  18  18   0   0   0   0
1995   4  22  22  21  20  19   0   0   0   0
1994   4  19  20  20  21  22   0   0   0   0
1993   4  18  18  18  19  19   0   0   0   0
1992   4  20  20  20  19  18   0   0   0   0
1991   4  23  22  21  20  19   0   0   0   0
1990   4  25  26  24  23  23   0   0   0   0
1989   4  27  26  25  24  25   0   0   0   0
1988   4  30  29  28  27  27   0   0   0   0
1987   4  33  32  31  30  30   0   0   0   0
1986   4  39  38  34  33  33   0   0   0   0
1985   4  42  41  41  40  39   0   0   0   0
1984   4  45  44  44  44  44   0   0   0   0
1983   4  30  31  32  33  34   0   0   0   0
1982   4  26  27  28  29  29   0   0   0   0
1981   4  28  28  28  28  28   0   0   0   0
