Year NDay Positions each day    ; Flags -1=norace, 1=bumped & got bumped
2023   4  29  30  31  30  30   0   0   0   0
2022   4  20  23  25  26  29   0   0   0   0
2021   4  15  17  17  17  18   0   0   0   0
2019   4   8  12  13  15  17   0   0   0   0
2018   4   6   7   7   7   8   0  -1   0   0
2017   4  10   9   7   7   6   0   0   0   0
2016   4   3   5   7   8  10   0   0   0   0
2015   4   6   6   5   4   3   0   0   0   0
2013   4  10   9   8   7   6   0   0   0   0
2012   4  16  15  14  12  10   0   0   0   0
2011   4  20  19  18  17  16   0   0   0   0
2010   4  17  17  18  19  20   0   0   0   0
2009   4  20  19  18  17  16   0   0   0   0
2008   4  22  23  22  21  21   0   0   0   0
2006   4  19  21  21  21  22   0   0   1   0
2005   4  18  18  19  18  19   0   0   0   0
2004   4  19  18  18  18  18   0   0   1   0
2003   4  16  18  17  18  18   0   0   0  -1
2001   4  11  13  13  14  15   0   0   0   0
1999   4  13  12  13  14  13   0   0   0   0
1998   4  16  15  14  13  13   0   0   0  -1
1997   4 999 999 999 999 999   0   0   0   0
1996   4  16  15  14  12  10   0   0   0   0
1995   4 999 999 999 999 999   0   0   0   0
1994   4  17  16  16  16  16   0  -1  -1  -1
1993   4  18  18  18  17  17   0   0   0   0
1992   4  23  21  20  19  18   1   0   0   0
1991   4  22  21  22  22  23   0   0   0   0
1989   4  27  26  24  23  22   0   0   0   0
1988   4  31  30  29  28  27   0   0   0   0
1987   4  33  32  31  31  31   0   0   0   0
1986   4  31  31  32  32  34   0   0  -1   0
1985   4  36  35  35  34  34   0   0   0   0
1984   4 999 999 999 999 999   0   0   0   0
1983   4  30  29  30  31  31   0   0   0   0
1982   4  26  27  27  26  27   0   0   0   0
1981   4  29  28  27  26  26   0   0   0   0
