Year NDay Positions each day    Flags 1=bumped & got bumped
1920   6   36  36  36  36  36  36  36   0   0   0   0   0   0   0
1921   6  999 999 999 999 999 999 999   0   0   0   0   0   0   0
1922   6  999 999 999 999 999 999 999   0   0   0   0   0   0   0
1923   6  999 999 999 999 999 999 999   0   0   0   0   0   0   0
1924   6  999 999 999 999 999 999 999   0   0   0   0   0   0   0
1925   6  999 999 999 999 999 999 999   0   0   0   0   0   0   0
1926   6  999 999 999 999 999 999 999   0   0   0   0   0   0   0
1927   6  999 999 999 999 999 999 999   0   0   0   0   0   0   0
1928   6  999 999 999 999 999 999 999   0   0   0   0   0   0   0
1929   4  999 999 999 999 999   0   0   0   0   0
1930   6  999 999 999 999 999 999 999   0   0   0   0   0   0   0
1931   6  999 999 999 999 999 999 999   0   0   0   0   0   0   0
1932   6  999 999 999 999 999 999 999   0   0   0   0   0   0   0
1933   6  999 999 999 999 999 999 999   0   0   0   0   0   0   0
1934   6  999 999 999 999 999 999 999   0   0   0   0   0   0   0
1935   6  999 999 999 999 999 999 999   0   0   0   0   0   0   0
1936   6  999 999 999 999 999 999 999   0   0   0   0   0   0   0
1937   6  999 999 999 999 999 999 999   0   0   0   0   0   0   0
1938   6  999 999 999 999 999 999 999   0   0   0   0   0   0   0
1939   6  999 999 999 999 999 999 999   0   0   0   0   0   0   0
1946   6  999 999 999 999 999 999 999   0   0   0   0   0   0   0
1947   6  999 999 999 999 999 999 999   0   0   0   0   0   0   0
1948   6  999 999 999 999 999 999 999   0   0   0   0   0   0   0
1949   4  999 999 999 999 999   0   0   0   0   0
1950   6   48  48  47  47  47  47  47   0   0   0   0   0   0   0
1951   6  999 999 999 999 999 999 999   0   0   0   0   0   0   0
1952   6  999 999 999 999 999 999 999   0   0   0   0   0   0   0
1953   6  999 999 999 999 999 999 999   0   0   0   0   0   0   0
1954   6  999 999 999 999 999 999 999   0   0   0   0   0   0   0
1955   6  999 999 999 999 999 999 999   0   0   0   0   0   0   0
1956   4  999 999 999 999 999   0   0   0   0   0
1957   4   52  53  53  52  51   0   0   0   0   0
1958   4   51  52  53  54  55   0   0   0   0   0
1959   4   51  52  53  54  54   0   0   0   0   0
1960   4  999 999 999 999 999   0   0   0   0   0
1961   4   45  45  45  44  44   0   0   0   0   0
1962   4   43  42  41  40  39   0   0   0   0   0
1964   4  999 999 999 999 999   0   0   0   0   0
1965   4   40  39  37  37  37   0   0   0   0   0
1966   4   36  35  35  34  33   0   0   0   0   0
1967   4   33  33  34  34  34   0   0   0   0   0
1968   4   34  34  36  36  35   0   0   0   0   0
1969   4   35  35  35  33  32   0   0   0   0   0
1970   4   32  31  30  34  36   0   0   0   0   0
1971   4   35  35  36  36  36   0   0   0   0   0
1972   4   36  36  36  36  35   0   0   0   0   0
1973   4  999 999 999 999 999   0   0   0   0   0
1974   4  999 999 999 999 999   0   0   0   0   0
1975   4  999 999 999 999 999   0   0   0   0   0
1976   4  999 999 999 999 999   0   0   0   0   0
1978   4   56  55  55  55  55   0   0   0   0   0
1979   4  999 999 999 999 999   0   0   0   0   0
1980   4   69  68  67  67  67   0   0   0   0   0
1981   4   61  60  59  57  56   0   0   0   0   0
1982   4   56  55  54  54  53   0   0   0   0   0
1983   4   53  57  57  58  58   0   0   0   0   0
1984   4   58  57  56  55  54   0   0   0   0   0
1985   4   54  53  51  50  48   0   0   0   0   0
1986   4   49  50  49  49  50   0   0   0   0   0
1987   4   50  51  52  53  55   0   0   0   0   0
1988   4   55  54  53  54  54   0   0   0   0   0
1989   4   54  56  61  61  62   0   0   0   0   0
1990   4  999 999 999 999 999   0   0   0   0   0
1991   4   63  64  63  62  61   0   0   0   0   0
1992   4   61  60  60  60  59   0   0   0   0   0
1993   4   58  57  56  55  55   0   0   0   0   0
1994   4   56  60  60  60  60   0   0   0   0   0
1995   4   60  60  60  60  60   0   0   0   0   0
1996   4   59  60  60  61  61   0   0   0   0   0
1997   4  999 999 999 999 999   0   0   0   0   0
1998   4  999 999 999 999 999   0   0   0   0   0
1999   4  999 999 999 999 999   0   0   0   0   0
2001   4  999 999 999 999 999   0   0   0   0   0
2003   4  999 999 999 999 999   0   0   0   0   0
2004   4   70  70  70  68  67   0   0   0   0   0
2005   4  999 999 999 999 999   0   0   0   0   0
2006   4   72  70  69  68  67   0   0   0   0   0
2008   4   61  61  61  60  59   0   0   0   0   0
2009   4   59  58  57  56  55   0   0   0   0   0
2010   4  999 999 999 999 999   0   0   0   0   0
2011   4  999 999 999 999 999   0   0   0   0   0
2012   4  999 999 999 999 999   0   0   0   0   0
2013   4   72  70  70  70  70   0   0   0   0   0
2015   4   62  60  59  58  57   0   0   0   0   0
2016   4   57  61  65  66  67   0   0   0   0   0
