Year NDay Positions each day    ; Flags -1=norace, 1=bumped & got bumped
2023   4  24  25  26  26  27   0   0   0   0
2022   4  26  26  28  26  24   0   0   0   0
2021   4  25  24  23  23  23   0   0   0   0
2019   4  26  26  26  27  28   0   1   0   0
2018   4  24  25  25  25  26   0  -1   0   0
2017   4  24  23  23  23  23   0   0   1   0
2016   4  25  25  24  25  25   0   0   0   0
2015   4  21  23  24  23  25   0   0   0   0
2013   4  26  24  23  22  21   0   0   0   0
2012   4  28  28  27  27  26   0   0   0   0
2011   4  28  28  28  28  28   0   0   0   0
2010   4  28  28  29  29  28   0   0   0   0
2009   4  34  32  31  29  28   0   0   0   0
2008   4  41  39  38  35  34   0   0   0   0
2006   4  37  39  39  41  41   0   0   0   0
2005   4  26  30  33  35  37   0   0   0   0
2004   4  29  29  28  27  26   0   0   0   0
2003   4  28  29  29  29  29   0   0   0  -1
2001   4  32  32  31  30  28   0   0   0   0
1999   4  39  38  35  34  33   0   0   0   0
1998   4  43  42  41  40  40   0   0   0  -1
1997   4  44  43  44  43  42   0   1   0   0
1996   4  47  46  45  44  44   0   0   0   0
