Year NDay Positions each day    ; Flags -1=norace, 1=bumped & got bumped
2023   4  53  54  55  56  57   0   0   0   0
2022   4  53  54  54  54  53   0   0   0   0
2019   4  55  54  53  52  51   0   0   0   0
2018   4  56  55  55  56  57   0   0   0   0
2017   4  59  59  58  57  56   0   0   0   0
2016   4  56  57  58  58  61   0   0   0   0
2015   4  60  60  59  58  57   0   0   0   0
2014   4  64  63  62  61  61   0   0   0   0
2013   4  69  68  69  70  70   0   0   0   0
2012   4  71  72  73  74  75   0   0   0   0
2011   4 999 999 999 999 999   0   0   0   0
2010   4 999 999 999 999 999   0   0   0   0
2009   4 999 999 999 999 999   0   0   0   0
2008   4 999 999 999 999 999   0   0   0   0
2007   4 999 999 999 999 999   0   0   0   0
2006   4 999 999 999 999 999   0   0   0   0
2005   4  48  49  50  51  52   0   0   0   0
2004   4 999 999 999 999 999   0   0   0   0
2003   4  41  42  43  43  44   0   0   0   0
2002   4  39  41  41  41  42   0   0   0   0
2001   4  37  36  37  37  38   0   0   0   0
2000   4  36  35  36  37  38   0   0   0   0
1999   4  36  37  37  38  37   0   0   0   0
1998   4  35  34  34  35  36   0   0   0   0
1997   4  32  33  34  35  35   0   0   0   0
1996   4  27  28  29  31  32   0   0   0   0
1995   4  23  24  25  26  27   0   0   0   0
1994   4  21  21  22  23  23   0   0   0   0
1993   4  21  21  20  20  21   0   0   0   0
1992   4  18  19  19  20  21   0   0   0   0
1991   4  18  19  19  18  17   0   0   0   0
1990   4  20  20  19  18  18   0   0   0   0
1989   4  22  21  20  20  20   0   0   0   0
1988   4  27  26  24  23  22   0   0   0   0
1987   4  24  25  25  26  27   0   0   0   0
1986   4  24  23  23  23  24   0   0   0   0
1985   4  26  26  24  24  24   0   0   0   0
1984   4  24  25  25  25  26   0   0   0   0
1983   4  20  21  22  23  24   0   0   0   0
1982   4  17  17  18  19  20   0   0   0   0
1981   4  21  20  19  18  17   0   0   0   0
1980   4  19  19  20  20  21   0   0   0   0
1979   4  16  17  18  19  20   0   0   0   0
1978   4  16  17  17  17  16   0   0   0   0
1977   4  11  12  13  13  13   0   0   0   0
