Year NDay Positions each day    ; Flags -1=norace, 1=bumped & got bumped
2023   4  27  30  31  32  33   0   0   0   0
2022   4  29  29  28  28  27   0   0   0   0
2019   4  33  32  31  30  29   0   0   0   0
2018   4  32  32  33  33  33   0   0   0   0
2017   4  34  34  33  33  32   0   0   0   0
2016   4  33  33  33  33  34   0   0   0   0
2015   4  29  30  31  32  33   0   0   0   0
2014   4  25  26  27  28  29   0   0   0   0
2013   4  29  28  26  26  25   0   0   0   0
2012   4  29  28  28  28  29   0   0   0   0
2011   4  30  29  29  29  29   0   0   0   0
2010   4  31  31  30  30  30   0   0   0   0
2009   4  33  32  31  31  31   0   0   0   0
2008   4  35  34  33  33  33   0   0   0   0
2007   4  35  34  33  36  35   0   0   0   0
2006   4  33  34  35  36  35   0   0   0   0
2005   4  30  30  31  32  33   0   0   0   0
2004   4  32  32  31  31  30   0   0   0   0
2003   4  28  29  30  31  32   0   0   0   0
2002   4  27  27  27  27  28   0   0   0   0
2001   4  29  28  27  27  27   0   0   0   0
2000   4  32  30  30  30  29   0   0   0   0
1999   4  36  35  34  33  32   0   0   0   0
1998   4  38  37  37  36  35   0   0   0   0
1997   4  44  41  40  39  39   0   0   0   0
1996   4  49  46  45  45  44   0   0   0   0
1995   4  90  89  88  87  86   0   0   0   0
