Year NDay Positions each day    ; Flags -1=norace, 1=bumped & got bumped
2023   4  22  20  20  21  22   0   0   0   0
2022   4  16  19  22  22  22   0   0   0   0
2021   4  16  15  14  14  14   0   0   0   0
2019   4  20  19  19  19  18   0   0   0   0
2018   4  14  20  20  20  20   0  -1   0   0
2017   4  18  17  16  15  14   0   0   0   0
2016   4  21  20  20  19  18   0   0   0   0
2015   4  19  20  20  21  21   0   1   0   0
2013   4  22  22  21  20  19   1   0   0   0
2012   4  24  23  23  23  23   1   0   1   0
2011   4  18  20  20  22  24   0   1   0   0
2010   4  16  16  16  17  18   0   0   0   0
2009   4 999 999 999 999 999   0   0   0   0
2008   4  15  14  12  11  10   0   0   0   0
2006   4   7  10  11  13  15   0   1   0   0
2005   4   5   5   7   6   7   0   0   0   0
2004   4   3   2   3   5   5   0   0   0   0
2003   4   4   3   3   3   3   0   0   0  -1
2001   4   5   3   3   3   4   0   0   0   0
1999   4  12  11   9   8   7   0   0   0   0
1998   4  10  10  11  12  12   1   0   0  -1
1997   4   5   5   6   9  10   0   0   0   0
1996   4   3   5   5   5   5   0   0   0   0
1995   4   1   1   1   2   3  -1  -1  -1  -1
1994   4   1   1   1   1   1   0  -1  -1  -1
1993   4   1   1   1   1   1   0   0   0   0
1992   4   1   1   1   1   1   0   0   0   0
1991   4   2   1   1   1   1   0   0   0   0
1989   4   2   2   2   2   2   0   0   0   0
1988   4   1   1   2   2   2   0   0   0   0
1987   4   4   3   3   2   1   0   0   0   0
1986   4   6   5   4   4   4   0   0  -1   0
1985   4   8   7   6   6   6   0   0   0   0
1984   4   6   6   6   7   8   0   0   0   0
1983   4   2   4   4   5   6   0   0   0   0
1982   4   2   2   2   2   2   0   0   0   0
1981   4   2   2   2   2   2   0   0   0   0
1980   4   7   6   5   3   2   0   0   0   0
1979   4   7   5   4   5   7   0   0   0   0
1978   4   2   3   5   5   7   0   0   0   0
