Year NDay Positions each day    ; Flags -1=norace, 1=bumped & got bumped
2022   4  69  69  70  71  72   0   0   0   0
2019   4  67  68  69  70  71   0   0   0   0
2018   4  67  66  69  69  72   0   0   0   0
2017   4  68  67  67  68  68   0   0   0   0
2016   4  66  65  66  66  67   0   0   0   0
2015   4 999 999 999 999 999   0   0   0   0
2014   4  65  65  64  63  62   0   0   0   0
2013   4  70  69  69  69  68   0   0   0   0
2012   4  73  73  72  72  71   0   0   0   0
2011   4  79  78  77  76  75   0   0   0   0
2010   4 999 999 999 999 999   0   0   0   0
2009   4  73  74  75  76  76   0   0   0   0
2008   4  83  83  82  83  83   0   0   0   0
2007   4 999 999 999 999 999   0   0   0   0
2006   4 999 999 999 999 999   0   0   0   0
2005   4 999 999 999 999 999   0   0   0   0
2004   4 999 999 999 999 999   0   0   0   0
2003   4 999 999 999 999 999   0   0   0   0
2002   4  69  69  70  73  74   0   0   0   0
2001   4  65  65  66  67  68   0   0   0   0
2000   4  69  69  68  67  66  -1   0   0   0
1999   4  75  74  72  69  68   0   0   0   0
1998   4  80  79  79  78  77   0   0   0   0
1997   4  84  83  83  84  85   0   0   0   0
1996   4  93  90  89  88  88   0   0   0   0
1995   4  91  91  92  96  96   0   0   0   0
