Year NDay Positions each day    ; Flags -1=norace, 1=bumped & got bumped
2023   4  29  28  28  27  27   0   0   0   0
2022   4  33  32  31  30  29   0   0   0   0
2019   4  34  34  33  34  33   0   0   0   0
2018   4  33  34  34  34  34   0   0   0   0
2017   4  29  30  31  32  33   0   0   0   0
2016   4  26  27  27  28  29   0   0   0   0
2015   4  22  23  24  25  26   0   0   0   0
2014   4  26  25  24  23  22   0   0   0   0
2013   4  24  25  25  25  26   0   0   0   0
2012   4  22  22  23  24  24   0   0   0   0
2011   4  24  24  24  23  22   0   0   0   0
2010   4  26  26  26  25  24   0   0   0   0
2009   4  24  24  25  25  26   0   0   0   0
2008   4  23  23  23  23  24   0   0   0   0
2007   4  26  24  23  23  23   0   0   0   0
2006   4  22  23  24  25  26   0   0   0   0
2005   4  20  20  21  22  22   0   0   0   0
2004   4  19  19  19  20  20   0   0   0   0
2003   4  17  17  18  18  19   0   0   0   0
2002   4  17  16  16  17  17   0   0   0   0
2001   4  19  18  18  18  17   0   0   0   0
2000   4  21  21  20  19  19   0   0   0   0
1999   4  23  23  22  22  21   0   0   0   0
1998   4  20  21  22  23  23   0   0   0   0
1997   4  19  20  20  20  20   0   0   0   0
1996   4  16  17  18  19  19   0   0   0   0
1995   4  16  16  17  17  16   0   0   0   0
1994   4  17  16  16  16  16   0   0   0   0
1993   4  21  20  19  18  17   0   0   0   0
1992   4  22  23  22  21  21   0   0   0   0
1991   4  19  20  20  21  22   0   0   0   0
1990   4  23  22  21  20  19   0   0   0   0
1989   4  24  24  24  23  23   0   0   0   0
1988   4  25  24  23  23  24   0   0   0   0
1987   4  27  26  24  25  25   0   0   0   0
1986   4  26  27  27  27  27   0   0   0   0
1985   4  26  27  27  26  26   0   0   0   0
1984   4  27  26  26  26  26   0   0   0   0
1983   4  27  27  28  27  27   0   0   0   0
1982   4  24  24  25  26  27   0   0   0   0
1981   4  21  22  23  24  24   0   0   0   0
1980   4  23  22  21  20  21   0   0   0   0
1979   4  22  22  23  23  23   0   0   0   0
1978   4  23  22  22  21  22   0   0   0   0
1977   4  23  24  24  23  23   0   0   0   0
1976   4  23  23  23  23  23   0   0   0   0
1975   4  26  26  25  24  23   0   0   0   0
1974   4  23  24  25  25  26   0   0   0   0
1973   4  22  21  21  22  23   0   0   0   0
1972   4  20  21  21  21  22   0   0   0   0
1971   4  23  22  21  20  20   0   0   0   0
1970   4  23  24  24  23  23   0   0   0   0
1969   4  23  23  23  23  23   0   0   0   0
1968   4  26  24  23  23  23   0   0   0   0
1967   4  26  26  25  25  26   0   0   0   0
1966   4  25  25  25  25  26   0   0   0   0
1965   4  22  23  24  25  25   0   0   0   0
1964   4  21  22  23  23  22   0   0   0   0
1963   4  17  18  19  20  21   0   0   0   0
1962   4  20  19  19  18  17   0   0   0   0
1961   4  24  24  22  21  20   0   0   0   0
1960   4  22  23  23  24  24   0   0   0   0
1959   4  22  23  23  22  22   0   0   0   0
1958   4  19  19  20  21  22   0   0   0   0
1957   4  15  16  17  18  19   0   0   0   0
1956   4  13  14  15  15  15   0   0   0   0
1955   4  15  15  14  14  13   0   0   0   0
1954   4  15  15  16  16  15   0   0   0   0
1953   6  14  13  12  13  13  14  15   0   0   0   0   0   0
1952   6  14  15  16  16  16  15  14   0   0   0   0   0   0
1951   6  17  17  16  15  15  15  14   0   0   0   0   0   0
1950   6  21  21  20  20  19  18  17   0   0   0   0   0   0
1949   6  26  24  23  23  22  21  21   0   0   0   0   0   0
1948   6  25  25  26  26  26  26  26   0   0   0   0   0   0
1947   6  20  21  21  22  23  24  25   0   0   0   0   0   0
1946   6  20  20  20  21  21  20  20   0   0   0   0   0   0
1938   6  28  28  27  26  25  24  23   0   0   0   0   0   0
1937   6  26  26  27  27  27  28  28   0   0   0   0   0   0
1936   6  24  25  26  26  26  26  26   0   0   0   0   0   0
1935   6  24  24  25  25  25  25  24   0   0   0   0   0   0
1934   6  27  27  26  26  26  24  24   0   0   0   0   0   0
1933   6  28  29  29  28  28  27  27   0   0   0   0   0   0
1932   6  32  31  31  31  30  29  28   0   0   0   0   0   0
1931   6  38  36  35  34  34  33  32   0   0   0   0   0   0
1930   6  43  42  41  40  40  39  38   0   0   0   0   0   0
