Year NDay Positions each day    ; Flags -1=norace, 1=bumped & got bumped
2023   4  67  66  65  64  63   0   0   0   0
2022   4  73  70  69  68  67   0   0   0   0
2019   4  76  76  76  76  75   0   0   0   0
2018   4 999 999 999 999 999   0   0   0   0
2017   4  61  61  60  60  60   0   0   0   0
2016   4  64  64  65  65  64   0   0   0   0
2015   4  71  71  72  69  68   0   0   0   0
2014   4  79  78  77  76  75   0   0   0   0
2013   4  71  70  70  69  69   0   0   0   0
2012   4  76  77  77  78  79   0   0   0   0
2011   4 999 999 999 999 999   0   0   0   0
2010   4  66  67  67  66  66   0   0   0   0
2009   4  73  73  73  73  73   0   0   0   0
2008   4 999 999 999 999 999   0   0   0   0
2007   4 999 999 999 999 999   0   0   0   0
2006   4 999 999 999 999 999   0   0   0   0
2005   4  58  57  57  58  58   0   0   0   0
2004   4  64  63  62  61  60   0   0   0   0
2003   4 999 999 999 999 999   0   0   0   0
2002   4  53  52  51  51  50   0   0   0   0
2001   4  48  49  50  51  52   0   0   0   0
2000   4  48  48  49  49  49  -1   0   0   0
1999   4  53  52  51  51  50   0   0   0   0
1998   4  57  58  58  58  58   0   0   0   0
1997   4 999 999 999 999 999   0   0   0   0
1996   4 999 999 999 999 999   0   0   0   0
1995   4  55  57  58  57  57   0   0   0   0
1994   4 999 999 999 999 999   0   0   0   0
1993   4 999 999 999 999 999   0   0   0   0
1992   4 999 999 999 999 999   0   0   0   0
1991   4 999 999 999 999 999   0   0   0   0
1990   4 999 999 999 999 999   0   0   0   0
1989   4 999 999 999 999 999   0   0   0   0
1988   4 999 999 999 999 999   0   0   0   0
1987   4 999 999 999 999 999   0   0   0   0
1986   4  61  61  61  61  60   0   0   0   0
