Year NDay Positions each day    ; Flags -1=norace, 1=bumped & got bumped
2023   4  27  26  24  22  24   0   0   0   0
2022   4  28  28  27  27  27   0   0   1   0
2021   4  31  30  27  26  25   0   0   0   0
2019   4  36  36  37  38  36   1   0   0   0
2018   4  34  36  36  36  36   0  -1   0  -1
2017   4  27  27  29  31  33   0   0   0   0
2016   4  31  29  28  28  28   0   0   0   0
2015   4  28  29  32  32  31   0   0   1   0
2013   4  25  26  27  27  28   0   0   0   0
2012   4  18  21  23  25  25   0   0   0   0
2011   4  21  20  19  18  18   0   0   0   0
2010   4  23  23  23  22  21   0   1   0   0
2009   4  28  27  26  24  23   0   0   0   0
2008   4  26  26  26  27  28   0   0   0   0
2006   4  23  24  25  26  26   0   0   0   0
2005   4  18  17  19  21  23   0   0   0   0
2004   4  18  18  18  19  18   0   0   0   0
2003   4  15  15  18  18  18   0   0   0  -1
2001   4  16  17  16  15  15   0   0   0   1
1999   4  18  18  17  15  16   0   0   0   0
1998   4  20  19  20  19  19   0   0   0  -1
1997   4  18  18  20  20  20   0   0   0   0
1996   4  23  22  21  19  18   0   0   0   0
1995   4  23  23  23  23  23   0   0   0   0
1994   4  24  23  23  23  23   0  -1  -1  -1
1993   4  20  23  23  24  24   0   0   0   0
1992   4  23  22  21  20  20   0   0   0   0
1991   4  21  21  22  22  23   0   0   0   0
1990   4  23  23  23  23  22   0   0  -1  -1
1989   4  26  24  24  24  23   0   0   0   0
1988   4  23  22  25  25  26   0   0   0   0
1987   4  24  25  24  24  23   0   0   0   0
1986   4  25  25  25  25  24   0   0  -1   0
1985   4  23  23  25  25  25   1   0   0   0
1984   4  28  27  25  24  23   0   0   0   0
1983   4  24  25  25  27  28   0   0   0   0
1982   4  24  24  25  24  24   0   0   0   0
1981   4  21  21  22  23  24   0   0   0   0
1980   4  23  22  21  21  21   0   0   0   1
1979   4  21  22  21  22  23   0   0   0   0
1978   4  23  22  21  21  21   0   0   0   0
1976   4  21  22  23  23  23   0   0   0   0
1975   4  20  21  21  21  21   0   0   0   0
1974   4  21  20  20  20  20   0   0   0   0
1973   4  18  19  21  21  21   0   0   0   0
1972   4  22  21  19  18  18   0   0   0   0
1971   4  23  21  23  22  22   0   0   0   0
1970   4  20  21  22  23  23   1   0   0   0
1969   4  23  23  22  20  20   0   0   0   0
1968   4  23  23  22  22  23   0   0   0   0
1967   4  23  23  23  23  23   0   0   0   0
1966   4  16  18  21  22  23   0   0   0   0
1965   4  17  17  17  16  16   0   0   0   0
1964   4  15  16  16  16  17   0   0   0   0
1962   4  14  14  14  15  15   0   0   0   0
1961   4  19  18  17  17  14   0   0   0   0
1960   4  18  17  17  20  19   0   0   0   0
1959   4  14  15  16  17  18   0   0   0   0
1958   4  10  11  12  13  14   0   0   0   0
1957   4   6   7   8   9  10   0   0   0   0
1956   4   6   7   7   7   6   0   0   0   0
1955   6  12  11  10   9   8   7   6   0   0   0   0   0   0
1954   6  16  16  15  15  14  13  12   0   0   0   0   0   0
1953   6   8  11  12  13  14  15  16   0   0   0   0   0   0
1952   6   8   8   9   9   8   8   8   0   0   0   0   0   0
1951   6  11  10   9   8   8   8   8   0   0   0   0   0   0
1950   6  17  16  15  14  12  12  11   0   0   0   0   0   0
1949   4  17  16  16  17  17   0   0   0   0
1948   6  14  15  15  16  17  18  17   0   0   0   0   0   0
1947   6  18  18  18  17  16  15  14   0   0   0   0   0   0
1946   6  20  20  20  20  20  19  18   0   0   0   0   0   0
1938   6  29  28  27  26  25  24  23   0   0   0   0   0   0
1937   6  25  25  26  27  28  28  29   0   0   0   0   0   0
1936   6  22  23  22  23  23  24  25   0   0   0   0   0   0
1935   6  24  23  23  22  22  22  22   0   0   0   0   0   0
1934   6  24  25  25  25  24  24  24   0   0   0   0   0   0
1933   6  23  22  21  21  22  23  24   0   0   0   0   0   0
1932   6  23  23  23  24  24  23  23   0   0   0   0   0   0
1931   6  29  28  27  26  25  24  23   0   0   0   0   0   0
1930   6  35  34  33  32  31  30  29   0   0   0   0   0   0
