Year NDay Positions each day    ; Flags -1=norace, 1=bumped & got bumped
2023   4  58  58  59  60  60   1   0   0   1
2022   4  66  65  64  63  59   0   0   0   0
2021   4  58  59  61  61  60   0   0   0   0
2019   4 999 999 999 999 999   0   0   0   0
2018   4  67  68  68  68  68   1  -1   0  -1
2017   4  70  71  72  73  72   0   0   0   0
2016   4 999 999 999 999 999   0   0   0   0
2015   4 999 999 999 999 999   0   0   0   0
2013   4  58  57  57  59  61   0   0   0   0
2012   4  49  50  52  54  59   0   0   0   0
2011   4  47  46  46  48  49   0   0   0   0
2010   4  50  50  47  47  47  -1   0   0   0
2009   4  56  54  53  51  50   0   0   0   0
2008   4  59  57  57  56  55   0   0   0   0
2006   4  53  58  61  61  62   0   0   0   0
2005   4  50  52  52  53  53   0   0   0   0
2004   4  55  54  53  51  50   0   0   0   0
2003   4  56  55  54  53  53   0   0   0  -1
2001   4 999 999 999 999 999   0   0   0   0
1999   4  53  54  52  52  51   0   0   0   0
1998   4  54  53  53  54  54   0   0   0  -1
1997   4  50  50  51  53  53   1   0   0   0
1996   4  50  52  53  51  50   0   0   0   0
1995   4 999 999 999 999 999   0   0   0   0
1994   4  52  50  50  50  50   0  -1  -1  -1
1993   4  56  55  53  52  51   0   0   0   0
1992   4  63  62  59  58  57   0   0   0   0
1991   4  65  65  65  63  63   0   0   0   0
1990   4 999 999 999 999 999   0   0   0   0
1989   4  68  67  66  65  67   0   0   0   0
1988   4  62  64  67  70  70   0   0   0   1
1987   4  62  62  63  63  62   0   0   0   0
1986   4  66  65  64  64  63   0   0  -1   0
1985   4  60  61  65  66  67   0   0   0   0
1984   4  54  56  55  58  60   0   0   0   0
1983   4  48  49  51  52  54   0   0   0   0
1982   4  41  42  44  45  48   0   0   0   0
1981   4  36  37  39  40  41   0   0   0   0
1980   4  40  39  38  36  36   0   0   0   0
1979   4  33  34  36  37  40   1   0   0   0
1978   4  38  37  36  34  33   0   0   0   0
1976   4  29  33  35  38  39   0   0   0   0
1975   4  30  29  29  29  29   0   0   0   0
1974   4  30  30  29  30  30   1   0   0   0
1973   4  29  31  32  31  30   0   0   0   0
1972   4  34  34  33  31  30   0   0   0   0
1971   4  32  33  32  34  34   0   0   0   0
1970   4  34  35  36  36  33   0   0   0   0
1969   4  41  40  37  36  35   0   0   0   0
1968   4  37  36  37  39  41   0   0   0   0
1967   4  36  36  36  37  37   0   0   0   0
1966   4  42  42  41  38  37   0   0   0   0
1965   4 999 999 999 999 999   0   0   0   0
1964   4  28  29  31  30  30   0   0   0   0
1962   4  26  27  27  28  28   0   0   0   0
1961   4  26  27  27  26  26   0   0   0   0
1960   4  25  25  24  25  26   0   0   0   0
1959   4  27  27  27  26  25   0   0   0   0
1958   4  24  24  25  26  27   0   0   0   0
1957   4  26  25  24  24  24   0   0   0   0
1956   4  28  28  27  26  26   0   0   0   0
1955   6  33  32  31  30  30  29  28   0   0   0   0   0   0
1954   6  32  32  32  33  34  34  34   0   0   0   0   0   0
1953   6  26  27  28  29  30  31  32   0   0   0   0   0   0
1952   6  26  26  26  26  27  27  26   0   0   0   0   0   0
1951   6  31  30  29  28  27  26  26   0   0   0   0   0   0
1950   6  37  36  35  34  33  32  31   0   0   0   0   0   0
1949   4  33  34  35  36  37   0   0   0   0
1948   6  32  33  33  33  32  32  33   0   0   0   0   0   0
1947   6  30  30  31  32  32  32  32   0   0   0   0   0   0
1946   6  30  30  31  31  31  31  31   0   0   0   0   0   0
1938   6  37  36  35  34  33  32  31   0   0   0   0   0   0
1937   6  36  36  37  37  38  38  38   0   0   0   0   0   0
1936   6  40  40  39  38  35  35  36   0   0   0   0   0   0
1935   6  38  37  38  39  40  41  41   0   0   0   0   0   0
1934   6  38  38  38  38  38  38  38   0   0   0   0   0   0
