Year NDay Positions each day    ; Flags -1=norace, 1=bumped & got bumped
2023   4  62  62  60  59  58   0   0   0   0
2022   4 999 999 999 999 999   0   0   0   0
2021   4  51  51  52  51  52   0   0   0   0
2019   4  56  58  59  59  60   0   0   1   0
2018   4 999 999 999 999 999   0   0   0   0
2017   4 999 999 999 999 999   0   0   0   0
2016   4 999 999 999 999 999   0   0   0   0
2015   4 999 999 999 999 999   0   0   0   0
2013   4  57  56  55  55  52   0   0   0   0
2012   4 999 999 999 999 999   0   0   0   0
2011   4  48  49  53  57  59   0   0   0   0
2010   4  54  54  54  53  51  -1  -1   0   0
2009   4  53  55  56  57  56   0   1   0   0
2008   4 999 999 999 999 999   0   0   0   0
2006   4 999 999 999 999 999   0   0   0   0
2005   4  52  51  57  58  57   0   0   0   0
2004   4  57  56  56  54  55   0   0   0   0
2003   4 999 999 999 999 999   0   0   0   0
2001   4 999 999 999 999 999   0   0   0   0
1999   4 999 999 999 999 999   0   0   0   0
1998   4  53  52  51  50  50   0   0   0  -1
1997   4 999 999 999 999 999   0   0   0   0
1996   4 999 999 999 999 999   0   0   0   0
1995   4 999 999 999 999 999   0   0   0   0
1994   4 999 999 999 999 999   0   0   0   0
1993   4 999 999 999 999 999   0   0   0   0
1992   4 999 999 999 999 999   0   0   0   0
1991   4  58  57  56  55  54   0   0   0   0
