Year NDay Positions each day    ; Flags -1=norace, 1=bumped & got bumped
2023   4  30  29  27  26  24   0   0   0   0
2022   4  26  27  28  30  30   0   0   1   0
2021   4  27  26  26  25  24   0   0   0   0
2019   4  33  32  30  30  29   0   0   0   0
2018   4  35  33  33  33  33   0  -1   0  -1
2017   4  33  34  34  34  35   0   0   1   0
2016   4  34  33  33  34  33   0   0   0   0
2015   4  38  38  36  35  34   0   0   0   0
2013   4  38  38  36  37  38   0   0   0   0
2012   4  38  39  42  41  39   0   0   0   0
2011   4  41  41  40  39  38   0   0   0   0
2010   4  48  48  46  44  42  -1   0   0   0
2009   4  51  50  48  49  47   0   0   0   0
2008   4  29  37  49  55  54   0   0   0   0
2006   4  34  32  31  31  30   0   0   0   0
2005   4  29  32  33  33  34   0   0   0   0
2004   4  33  32  30  29  29   0   0   0   0
2003   4  31  32  33  33  33   0   0   1  -1
2001   4  20  21  25  25  27   0   0   0   0
1999   4  25  25  23  22  22   0   0   0   0
1998   4  28  29  28  27  27   0   0   0  -1
1997   4  27  27  27  27  27   0   0   0   0
1996   4  30  29  29  28  27   0   0   0   0
1995   4 999 999 999 999 999   0   0   0   0
1994   4  30  31  31  31  31   0  -1  -1  -1
1993   4  31  31  31  30  30   0   0   0   0
1992   4  26  27  28  31  31   0   0   0   0
1991   4  26  26  26  26  26   0   0   1   0
1989   4  29  30  29  28  26   0   0   0   0
1988   4  29  28  28  29  29   0   0   0   0
1987   4  30  29  28  30  29   0   0   0   0
1986   4  33  32  31  31  30   0   0  -1   0
1985   4  34  33  32  37  37   0   0   0   0
1984   4 999 999 999 999 999   0   0   0   0
1983   4 999 999 999 999 999   0   0   0   0
1982   4 999 999 999 999 999   0   0   0   0
1981   4  36  35  36  35  34   0   0   0   0
1980   4  28  27  27  26  28   0   0   0   0
