Year NDay Positions each day    ; Flags -1=norace, 1=bumped & got bumped
2023   4  67  67  67  68  68   0   0   1   1
2022   4  68  69  71  71  72   0   0   0   0
2021   4 999 999 999 999 999   0   0   0   0
2019   4 999 999 999 999 999   0   0   0   0
2018   4 999 999 999 999 999   0   0   0   0
2017   4 999 999 999 999 999   0   0   0   0
2016   4 999 999 999 999 999   0   0   0   0
2015   4 999 999 999 999 999   0   0   0   0
2013   4 999 999 999 999 999   0   0   0   0
2012   4  69  69  69  68  67   1   0   0   0
2011   4 999 999 999 999 999   0   0   0   0
2010   4 999 999 999 999 999   0   0   0   0
2009   4  73  72  71  70  70   0   0   0   0
2008   4 999 999 999 999 999   0   0   0   0
2006   4 999 999 999 999 999   0   0   0   0
2005   4 999 999 999 999 999   0   0   0   0
2004   4 999 999 999 999 999   0   0   0   0
2003   4  72  73  73  73  73   0   0   0  -1
2001   4 999 999 999 999 999   0   0   0   0
1999   4 999 999 999 999 999   0   0   0   0
1998   4 999 999 999 999 999   0   0   0   0
1997   4 999 999 999 999 999   0   0   0   0
1996   4  68  67  67  66  65   0   0   0   0
1995   4 999 999 999 999 999   0   0   0   0
1994   4  70  69  69  69  69   0  -1  -1  -1
1993   4 999 999 999 999 999   0   0   0   0
1992   4  79  79  77  76  75   0   0   0   0
1991   4 999 999 999 999 999   0   0   0   0
1990   4 999 999 999 999 999   0   0   0   0
1989   4  78  79  84  85  86   0   0   0   0
1988   4  72  73  83  85  84   0   0   0   0
1987   4  80  79  78  78  77   0   0   0   0
1986   4 999 999 999 999 999   0   0   0   0
1985   4 999 999 999 999 999   0   0   0   0
1984   4 999 999 999 999 999   0   0   0   0
1983   4  58  58  56  61  60   0   0   0   0
1982   4  64  63  62  62  59   0   0   0   0
1981   4  67  66  67  68  68   0   0   0   0
1980   4  73  74  76  77  80   0   0   0   0
1979   4 999 999 999 999 999   0   0   0   0
1978   4 999 999 999 999 999   0   0   0   0
1976   4 999 999 999 999 999   0   0   0   0
1975   4  54  55  54  53  52   0   0   0   0
1974   4  51  50  50  51  51   0   0   0   0
1973   4 999 999 999 999 999   0   0   0   0
1972   4 999 999 999 999 999   0   0   0   0
1971   4 999 999 999 999 999   0   0   0   0
1970   4 999 999 999 999 999   0   0   0   0
1969   4 999 999 999 999 999   0   0   0   0
1968   4  43  44  47  48  48   0   0   0   1
1967   4  49  47  45  45  43   0   0   0   0
1966   4 999 999 999 999 999   0   0   0   0
1965   4 999 999 999 999 999   0   0   0   0
1964   4 999 999 999 999 999   0   0   0   0
1962   4 999 999 999 999 999   0   0   0   0
1961   4 999 999 999 999 999   0   0   0   0
1960   4 999 999 999 999 999   0   0   0   0
1959   4  43  44  45  46  47   0   0   0   0
1958   4  46  46  46  45  44   0   0   0   0
1957   4  49  49  48  47  46   0   0   0   0
1956   4  44  45  48  49  50   0   0   0   0
1955   6  45  46  46  47  47  46  45   0   0   0   0   0   0
1954   6  47  47  47  47  47  47  47   0   0   0   0   0   0
1953   6 999 999 999 999 999 999 999   0   0   0   0   0   0
1952   6  47  46  45  44  44  44  44   0   0   0   0   0   0
1951   6 999 999 999 999 999 999 999   0   0   0   0   0   0
1950   6 999 999 999 999 999 999 999   0   0   0   0   0   0
1949   4 999 999 999 999 999   0   0   0   0
1948   6 999 999 999 999 999 999 999   0   0   0   0   0   0
1947   6  42  42  42  42  42  42  42   0   0   0   0   0   0
