Year NDay Positions each day    ; Flags -1=norace, 1=bumped & got bumped
2023   4  85  85  85  85  85   0   0   0   0
2022   4  82  82  83  83  83   0   0   0   0
2019   4 999 999 999 999 999   0   0   0   0
2018   4 999 999 999 999 999   0   0   0   0
2017   4 999 999 999 999 999   0   0   0   0
2016   4 999 999 999 999 999   0   0   0   0
2015   4 999 999 999 999 999   0   0   0   0
2014   4 999 999 999 999 999   0   0   0   0
2013   4 999 999 999 999 999   0   0   0   0
2012   4  82  82  81  80  79   0   0   0   0
2011   4 999 999 999 999 999   0   0   0   0
2010   4 999 999 999 999 999   0   0   0   0
2009   4  84  85  85  84  84   0   0   0   0
2008   4 999 999 999 999 999   0   0   0   0
2007   4 999 999 999 999 999   0   0   0   0
2006   4 999 999 999 999 999   0   0   0   0
2005   4 999 999 999 999 999   0   0   0   0
2004   4  79  78  77  76  75   0   0   0   0
2003   4 999 999 999 999 999   0   0   0   0
2002   4 999 999 999 999 999   0   0   0   0
2001   4 999 999 999 999 999   0   0   0   0
2000   4 999 999 999 999 999   0   0   0   0
1999   4 999 999 999 999 999   0   0   0   0
1998   4 999 999 999 999 999   0   0   0   0
1997   4  90  90  90  89  88   0   0   0   0
1996   4 999 999 999 999 999   0   0   0   0
1995   4 999 999 999 999 999   0   0   0   0
1994   4  90  90  89  88  88   0   0   0   0
1993   4 999 999 999 999 999   0   0   0   0
1992   4  88  88  88  89  90   0   0   0   0
1991   4  94  94  96  97  98   0   0   0   0
1990   4  92  94  95  96  97   0   0   0   0
1989   4 101 101 100 100  99   0   0   0   0
1988   4 999 999 999 999 999   0   0   0   0
1987   4  79  78  77  76  75   0   0   0   0
1986   4  77  78  79  79  79   0   0   0   0
1985   4  74  75  75  76  77   0   0   0   0
1984   4  68  69  73  74  75   0   0   0   0
1983   4  64  65  66  67  68   0   0   0   0
1982   4  60  61  62  63  64   0   0   0   0
1981   4  66  64  63  62  60   0   0   0   0
1980   4  63  64  64  65  66   0   0   0   0
1979   4  59  60  61  62  63   0   0   0   0
1978   4  61  61  60  59  59   0   0   0   0
1977   4  65  64  63  62  61   0   0   0   0
1976   4  67  66  67  66  65   0   0   0   0
1975   4  71  70  69  68  67   0   0   0   0
1974   4  71  70  70  71  71   0   0   0   0
1973   4  75  74  72  71  70   0   0   0   0
1972   4  78  77  76  76  75   0   0   0   0
1971   4  80  80  79  79  78   0   0   0   0
1970   4  82  82  81  80  80   0   0   0   0
1969   4  82  82  81  81  82   0   0   0   0
1968   4  89  88  87  86  84   0   0   0   0
1967   4  98  98  97  95  94   0   0   0   0
1966   4 999 999 999 999 999   0   0   0   0
1965   4  49  50  51  52  53   0   0   0   0
1964   4  48  49  49  50  49   0   0   0   0
1963   4  48  48  47  47  48   0   0   0   0
1962   4  50  50  49  49  48   0   0   0   0
1961   4  49  50  50  50  50   0   0   0   0
1960   4  52  51  51  50  49   0   0   0   0
1959   4  54  54  53  53  52   0   0   0   0
1958   4  56  55  54  54  54   0   0   0   0
1957   4  62  60  59  58  57   0   0   0   0
1956   4  63  62  61  61  62   0   0   0   0
1955   4  66  65  64  64  64   0   0   0   0
1954   4  67  68  68  67  67   0   0   0   0
1953   6  62  63  64  65  66  66  67   0   0   0   0   0   0
1952   6  59  60  61  62  63  63  62   0   0   0   0   0   0
1951   6  66  65  64  63  62  60  59   0   0   0   0   0   0
1950   6  66  66  67  68  68  67  66   0   0   0   0   0   0
1949   6  60  61  62  63  64  65  66   0   0   0   0   0   0
1948   6  64  63  63  62  61  60  60   0   0   0   0   0   0
1947   6  61  61  61  62  63  64  64   0   0   0   0   0   0
1946   6 999 999 999 999 999 999 999   0   0   0   0   0   0
1938   6  53  54  54  55  55  56  57   0   0   0   0   0   0
1937   6  61  60  59  58  57  56  55   0   0   0   0   0   0
