Year NDay Positions each day    ; Flags -1=norace, 1=bumped & got bumped
2023   4  27  26  26  25  25   0   0   0   0
2022   4  31  30  29  28  27   0   0   0   0
2019   4  35  34  33  32  31   0   0   0   0
2018   4  33  34  34  35  35   0   0   0   0
2017   4  34  34  33  33  33   0   0   0   0
2016   4  33  33  33  34  35   0   0   0   0
2015   4  33  33  34  34  33   0   0   0   0
2014   4  35  34  33  33  32   0   0   0   0
2013   4  32  33  34  35  36   0   0   0   0
2012   4  32  32  33  33  32   0   0   0   0
2011   4  30  31  32  32  32   0   0   0   0
2010   4  30  31  32  31  30   0   0   0   0
2009   4  32  31  30  30  30   0   0   0   0
2008   4  35  34  33  33  32   0   0   0   0
2007   4  33  34  35  36  35   0   0   0   0
2006   4  30  31  31  32  33   0   0   0   0
2005   4  32  32  31  30  30   0   0   0   0
2004   4  34  34  33  33  32   0   0   0   0
2003   4  32  33  34  34  34   0   0   0   0
2002   4  31  31  31  31  32   0   0   0   0
2001   4  32  31  31  31  31   0   0   0   0
2000   4  30  31  31  32  32   0   0   0   0
1999   4  32  32  32  31  31   0   0   0   0
1998   4  30  31  32  32  32   0   0   0   0
1997   4  33  32  31  31  30   0   0   0   0
1996   4  34  34  34  33  33   0   0   0   0
1995   4  34  33  33  33  34   0   0   0   0
1994   4  31  31  32  33  34   0   0   0   0
1993   4  32  32  32  32  31   0  -1  -1   0
1992   4  36  35  34  33  32   0   0   0   0
1991   4  35  35  35  36  36   0   0   0   0
1990   4  32  33  34  35  35   0   0   0   0
1989   4  34  33  32  32  32   0   0   0   0
1988   4  32  33  33  33  34   0   0   0   0
1987   4  35  34  33  32  32   0   0   0   0
1986   4  41  40  39  38  36   0   0   0   0
1985   4  45  44  43  42  41   0   0   0   0
1984   4  46  46  46  45  45   0   0   0   0
1983   4  40  39  38  38  38   0   0   0   0
1982   4  36  37  37  37  37   0   0   0   0
1981   4  33  33  33  34  35   0   0   0   0
1980   4  32  31  31  32  32   0   0   0   0
