Year NDay Positions each day    ; Flags -1=norace, 1=bumped & got bumped
2023   4  55  56  57  58  58   0   0   0   0
2022   4 999 999 999 999 999   0   0   0   0
2019   4  53  52  51  50  49   0   0   0   0
2018   4  50  51  52  53  54   0   0   0   0
2017   4 999 999 999 999 999   0   0   0   0
2016   4  44  45  46  47  48   0   0   0   0
2015   4  48  47  46  45  44   0   0   0   0
2014   4  46  46  47  47  48   0   0   0   0
2013   4  49  49  48  47  47   0   0   0   0
2012   4  53  52  51  50  49   0   0   0   0
2011   4  53  52  51  50  53   0   0   0   0
2010   4  58  58  57  56  55   0   0   0   0
2009   4  62  60  59  58  58   0   0   0   0
2008   4  68  67  66  66  67   0   0   0   0
2007   4  69  70  71  71  71   0   0   0   0
2006   4 999 999 999 999 999   0   0   0   0
2005   4 999 999 999 999 999   0   0   0   0
2004   4  72  71  72  73  73   0   0   0   0
2003   4 999 999 999 999 999   0   0   0   0
2002   4 999 999 999 999 999   0   0   0   0
2001   4  66  65  65  65  66   0   0   0   0
2000   4 999 999 999 999 999   0   0   0   0
1999   4 999 999 999 999 999   0   0   0   0
1998   4 999 999 999 999 999   0   0   0   0
1997   4  60  61  61  60  59   0   0   0   0
1996   4 999 999 999 999 999   0   0   0   0
1995   4 999 999 999 999 999   0   0   0   0
1994   4 999 999 999 999 999   0   0   0   0
1993   4  56  57  57  57  57   0  -1  -1   0
1992   4 999 999 999 999 999   0   0   0   0
1991   4 999 999 999 999 999   0   0   0   0
1990   4 999 999 999 999 999   0   0   0   0
1989   4 999 999 999 999 999   0   0   0   0
1988   4 999 999 999 999 999   0   0   0   0
1987   4 999 999 999 999 999   0   0   0   0
1986   4  31  32  33  34  35   0   0   0   0
1985   4  34  33  32  31  31   0   0   0   0
1984   4  31  31  32  33  34   0   0   0   0
