Year NDay Positions each day    Flags 1=bumped & got bumped
1983   4   77  76  77  77  77   0   0   0   0   0
1984   4   83  83  81  80  79   0   0   0   0   0
1985   4  999 999 999 999 999   0   0   0   0   0
1986   4  999 999 999 999 999   0   0   0   0   0
1987   4  999 999 999 999 999   0   0   0   0   0
1988   4  999 999 999 999 999   0   0   0   0   0
1989   4   94  97  97  96  97   0   0   0   0   0
1990   4  999 999 999 999 999   0   0   0   0   0
1991   4  999 999 999 999 999   0   0   0   0   0
1992   4  999 999 999 999 999   0   0   0   0   0
1993   4  999 999 999 999 999   0   0   0   0   0
1994   4  999 999 999 999 999   0   0   0   0   0
1995   4  999 999 999 999 999   0   0   0   0   0
1996   4  999 999 999 999 999   0   0   0   0   0
1997   4  999 999 999 999 999   0   0   0   0   0
1998   4  999 999 999 999 999   0   0   0   0   0
1999   4  999 999 999 999 999   0   0   0   0   0
2001   4  999 999 999 999 999   0   0   0   0   0
2003   4  999 999 999 999 999   0   0   0   0   0
2004   4  999 999 999 999 999   0   0   0   0   0
2005   4  999 999 999 999 999   0   0   0   0   0
2006   4  999 999 999 999 999   0   0   0   0   0
2008   4  999 999 999 999 999   0   0   0   0   0
2009   4  999 999 999 999 999   0   0   0   0   0
2010   4  999 999 999 999 999   0   0   0   0   0
2011   4   68  67  66  66  65   0   0   0   0   0
2012   4  999 999 999 999 999   0   0   0   0   0
2013   4  999 999 999 999 999   0   0   0   0   0
2015   4  999 999 999 999 999   0   0   0   0   0
2016   4  999 999 999 999 999   0   0   0   0   0
2017   4   69  68  67  66  65   0   0   0   0   0
