Year NDay Positions each day    ; Flags -1=norace, 1=bumped & got bumped
2023   4  22  21  20  19  18   0   0   0   0
2022   4  19  19  20  21  22   0   0   0   0
2019   4  21  21  21  20  19   0   0   0   0
2018   4  18  19  20  20  21   0   0   0   0
2017   4  20  20  19  19  18   0   0   0   0
2016   4  19  18  18  19  20   0   0   0   0
2015   4  22  21  20  19  19   0   0   0   0
2014   4  23  22  22  21  21   0   0   0   0
2013   4  26  25  25  25  24   0   0   0   0
2012   4  28  28  28  28  26   0   0   0   0
2011   4  26  26  27  28  28   0   0   0   0
2010   4  28  27  27  27  26   0   0   0   0
2009   4  29  28  29  29  28   0   0   0   0
2008   4  27  27  27  28  29   0   0   0   0
2007   4  28  29  29  28  27   0   0   0   0
2006   4  26  26  27  27  28   0   0   0   0
2005   4  24  25  25  26  26   0   0   0   0
2004   4  25  24  25  24  24   0   0   0   0
2003   4  26  26  26  25  25   0   0   0   0
2002   4  26  26  27  27  26   0   0   0   0
2001   4  23  23  24  25  26   0   0   0   0
2000   4  23  23  24  24  23   0   0   0   0
1999   4  26  24  24  23  23   0   0   0   0
1998   4  28  28  27  26  26   0   0   0   0
1997   4  30  30  30  29  28   0   0   0   0
1996   4  30  30  30  29  30   0   0   0   0
1995   4  28  28  29  29  30   0   0   0   0
1994   4  24  25  26  27  28   0   0   0   0
1993   4  26  25  25  24  24   0  -1  -1   0
1992   4  23  24  25  25  26   0   0   0   0
1991   4  28  26  24  23  22   0   0   0   0
1990   4  30  29  28  28  28   0   0   0   0
1989   4  31  30  29  29  30   0   0   0   0
1988   4  28  28  29  30  31   0   0   0   0
1987   4  29  29  29  29  28   0   0   0   0
1986   4  26  26  27  28  29   0   0   0   0
1985   4  24  25  26  26  26   0   0   0   0
1984   4  23  23  24  24  24   0   0   0   0
1983   4  26  26  26  24  23   0   0   0   0
1982   4  30  30  31  32  33   0   0   0   0
1981   4  34  34  34  33  32   0   0   0   0
