Year NDay Positions each day    ; Flags -1=norace, 1=bumped & got bumped
2022   4  81  81  80  79  78   0   0   0   0
2019   4 999 999 999 999 999   0   0   0   0
2018   4 999 999 999 999 999   0   0   0   0
2017   4 999 999 999 999 999   0   0   0   0
2016   4 999 999 999 999 999   0   0   0   0
2015   4  70  71  71  72  73   0   0   0   0
2014   4  67  67  68  69  70   0   0   0   0
2013   4  71  72  71  70  70   0   0   0   0
2012   4  75  75  74  73  73   0   0   0   0
2011   4  83  83  82  81  79   0   0   0   0
2010   4 999 999 999 999 999   0   0   0   0
2009   4 999 999 999 999 999   0   0   0   0
2008   4 999 999 999 999 999   0   0   0   0
2007   4  68  67  66  66  63   0   0   0   0
2006   4  74  72  72  71  70   0   0   0   0
2005   4  83  82  81  80  79   0   0   0   0
2004   4 999 999 999 999 999   0   0   0   0
2003   4 999 999 999 999 999   0   0   0   0
2002   4 999 999 999 999 999   0   0   0   0
2001   4 999 999 999 999 999   0   0   0   0
2000   4  82  82  80  79  79  -1   0   0   0
1999   4  85  85  84  84  83   0   0   0   0
1998   4  88  89  90  89  88   0   0   0   0
1997   4 999 999 999 999 999   0   0   0   0
1996   4  87  86  85  84  84   0   0   0   0
1995   4 999 999 999 999 999   0   0   0   0
1994   4 999 999 999 999 999   0   0   0   0
1993   4 999 999 999 999 999   0   0   0   0
1992   4 999 999 999 999 999   0   0   0   0
1991   4 999 999 999 999 999   0   0   0   0
1990   4 999 999 999 999 999   0   0   0   0
1989   4 999 999 999 999 999   0   0   0   0
1988   4  80  80  81  82  83   0   0   0   0
1987   4  87  87  86  84  83   0   0   0   0
1986   4  95  94  93  92  91   0   0   0   0
1985   4  97  97  96  97  97   0   0   0   0
1984   4 105 104 105 106 107   0   0   0   0
1983   4  91  92  92  93  94   0   0   0   0
1982   4  85  85  84  83  82   0   0   0   0
1981   4  95  95  95  95  94   0   0   0   0
1980   4 111 112 113 113 114   0   0   0   0
1979   4 100 100 100 100 100   0   0   0   0
1978   4  81  81  82  83  84   0   0   0   0
1977   4  86  84  83  82  81   0   0   0   0
1976   4  79  80  85  85  86   0   0   0   0
1975   4  81  80  80  79  79   0   0   0   0
1974   4  85  84  83  82  82   0   0   0   0
1973   4  90  89  88  84  83   0   0   0   0
1972   4  86  87  87  88  91   0   0   0   0
1971   4  87  86  86  86  86   0   0   0   0
1970   4  84  84  85  86  87   0   0   0   0
1969   4  80  81  82  83  84   0   0   0   0
1968   4  75  76  77  78  81   0   0   0   0
1967   4  69  70  73  74  75   0   0   0   0
1966   4  63  64  67  68  69   0   0   0   0
1965   4  67  66  65  64  64   0   0   0   0
1964   4  70  70  69  69  68   0   0   0   0
1963   4  76  75  74  73  72   0   0   0   0
1962   4  82  81  80  79  79   0   0   0   0
1961   4 999 999 999 999 999   0   0   0   0
1960   4 999 999 999 999 999   0   0   0   0
1959   4  74  75  76  77  78   0   0   0   0
1958   4 999 999 999 999 999   0   0   0   0
1957   4  59  58  57  56  55   0   0   0   0
1956   4  55  56  57  58  59   0   0   0   0
1955   4  53  54  55  56  56   0   0   0   0
1954   4  51  51  51  52  53   0   0   0   0
1953   6  53  53  52  52  52  51  51   0   0   0   0   0   0
1952   6  55  56  56  55  55  54  53   0   0   0   0   0   0
1951   6  49  50  51  52  53  54  55   0   0   0   0   0   0
1950   6  43  44  45  46  47  48  49   0   0   0   0   0   0
1949   6  46  45  44  44  43  43  43   0   0   0   0   0   0
1948   6  48  49  48  47  47  46  46   0   0   0   0   0   0
1947   6  54  53  52  51  50  48  48   0   0   0   0   0   0
1946   6  51  51  50  51  52  53  54   0   0   0   0   0   0
1938   6 999 999 999 999 999 999 999   0   0   0   0   0   0
1937   6  58  59  60  61  61  61  62   0   0   0   0   0   0
1936   6 999 999 999 999 999 999 999   0   0   0   0   0   0
1935   6  53  52  53  54  55  58  57   0   0   0   0   0   0
1934   6 999 999 999 999 999 999 999   0   0   0   0   0   0
1933   6  53  54  54  53  52  52  53   0   0   0   0   0   0
1932   6 999 999 999 999 999 999 999   0   0   0   0   0   0
1931   6 999 999 999 999 999 999 999   0   0   0   0   0   0
1930   6 999 999 999 999 999 999 999   0   0   0   0   0   0
1929   6 999 999 999 999 999 999 999   0   0   0   0   0   0
1928   6 999 999 999 999 999 999 999   0   0   0   0   0   0
1927   6 999 999 999 999 999 999 999   0   0   0   0   0   0
1926   4 999 999 999 999 999   0   0   0   0
1925   6 999 999 999 999 999 999 999   0   0   0   0   0   0
1924   6 999 999 999 999 999 999 999   0   0   0   0   0   0
1923   6 999 999 999 999 999 999 999   0   0   0   0   0   0
1922   6 999 999 999 999 999 999 999   0   0   0   0   0   0
1921   6 999 999 999 999 999 999 999   0   0   0   0   0   0
1920   6 999 999 999 999 999 999 999   0   0   0   0   0   0
1914   6 999 999 999 999 999 999 999   0   0   0   0   0   0
1913   6 999 999 999 999 999 999 999   0   0   0   0   0   0
1912   6 999 999 999 999 999 999 999   0   0   0   0   0   0
1911   6 999 999 999 999 999 999 999   0   0   0   0   0   0
1910   4 999 999 999 999 999   0   0   0   0
1909   6  31  31  30  29  29  29  29   0   0   0   0   0   0
