Year NDay Positions each day    ; Flags -1=norace, 1=bumped & got bumped
2023   4  55  61  66  71  72   0   0   0   0
2022   4  62  60  59  58  57   0   0   0   0
2021   4 999 999 999 999 999   0   0   0   0
2019   4 999 999 999 999 999   0   0   0   0
2018   4  53  53  53  53  53   0  -1   0  -1
2017   4  46  49  51  52  52   0   0   0   0
2016   4  53  52  51  50  47   0   0   0   0
2015   4  59  57  56  55  53   0   0   0   0
2013   4  64  63  64  64  65   0   0   1   0
2012   4  64  64  65  65  65   0   0   0   1
2011   4  57  59  58  61  64   0   1   0   0
2010   4  52  52  55  57  57  -1   0   0   0
2009   4  57  56  55  54  52   0   0   0   0
2008   4  60  60  59  57  56   0   0   0   0
2006   4  64  65  65  64  64   0   0   0   0
2005   4  69  70  70  70  70   0   0   1   0
2004   4 999 999 999 999 999   0   0   0   0
2003   4  67  66  68  68  68   0   0   0  -1
2001   4 999 999 999 999 999   0   0   0   0
1999   4 999 999 999 999 999   0   0   0   0
1998   4 999 999 999 999 999   0   0   0   0
1997   4 999 999 999 999 999   0   0   0   0
1996   4  85  85  84  85  84   0   0   0   0
1995   4 999 999 999 999 999   0   0   0   0
1994   4 999 999 999 999 999   0   0   0   0
1993   4 999 999 999 999 999   0   0   0   0
1992   4 999 999 999 999 999   0   0   0   0
1991   4 999 999 999 999 999   0   0   0   0
1990   4 999 999 999 999 999   0   0   0   0
1989   4  65  66  67  68  71   0   0   0   0
1988   4  68  68  69  68  67   1   0   0   0
1987   4  65  66  71  70  69   0   0   0   0
1986   4  69  69  68  68  66   0   0  -1   0
1985   4  74  74  73  73  74   0   0   0   0
1984   4  81  82  82  81  80   0   1   0   0
1983   4  72  71  72  71  71   0   0   0   1
1982   4  84  83  84  83  83   0   0   0   0
1981   4 999 999 999 999 999   0   0   0   0
1980   4  84  83  83  83  83   0   0   0   0
