Year NDay Positions each day
1939   6   60  61  61  61  61  61  60
1946   6  999 999 999 999 999 999 999
1947   6   70  70  69  69  70  69  69
1948   6   69  68  68  67  67  66  65
1949   6   64  65  66  67  68  69  68
1950   6  999 999 999 999 999 999 999
1951   6  999 999 999 999 999 999 999
1952   6   78  79  79  79  79  79  79
1953   6   76  76  76  75  74  73  72
1954   4   72  73  73  74  75
1955   4   72  72  71  71  72
1956   4   71  72  73  74  75
1957   4  999 999 999 999 999
1958   4  999 999 999 999 999
1959   4  999 999 999 999 999
1960   4  999 999 999 999 999
1961   4  999 999 999 999 999
1962   4  999 999 999 999 999
1963   4  999 999 999 999 999
1964   4   78  79  80  81  82
1965   4  999 999 999 999 999
1966   4  999 999 999 999 999
1967   4  999 999 999 999 999
1968   4  999 999 999 999 999
1969   4  999 999 999 999 999
1970   4  999 999 999 999 999
1971   4  999 999 999 999 999
1972   4  999 999 999 999 999
1973   4  999 999 999 999 999
1974   4  999 999 999 999 999
1975   4  121 121 121 121 121
1976   4  999 999 999 999 999
1977   4  999 999 999 999 999
1978   4  999 999 999 999 999
1979   4  999 999 999 999 999
1980   4  999 999 999 999 999
1981   4  999 999 999 999 999
1982   4   96  95  94  93  93
1983   4   94  95  96  97  97
1984   4  106 106 107 108 108
1985   4   98  99 100 101 102
1986   4   98  98  98  98  98
1987   4   92  93  94  95  96
1988   4  999 999 999 999 999
1989   4  999 999 999 999 999
1990   4  999 999 999 999 999
1991   4  999 999 999 999 999
1992   4  999 999 999 999 999
1993   4  999 999 999 999 999
1994   4  999 999 999 999 999
1995   4  999 999 999 999 999
1996   4  999 999 999 999 999
1997   4  999 999 999 999 999
1998   4  999 999 999 999 999
1999   4  999 999 999 999 999
2000   4  999 999 999 999 999
2001   4  999 999 999 999 999
2002   4  999 999 999 999 999
2003   4  999 999 999 999 999
2004   4  999 999 999 999 999
2005   4  999 999 999 999 999
2006   4  999 999 999 999 999
2007   4  999 999 999 999 999
2008   4  999 999 999 999 999
2009   4  999 999 999 999 999
2010   4  999 999 999 999 999
2011   4  999 999 999 999 999
2012   4  999 999 999 999 999
2013   4  999 999 999 999 999
2014   4   88  87  86  86  86
