Year NDay Positions each day    ; Flags -1=norace, 1=bumped & got bumped
2023   4  38  39  40  41  39   0   0   0   0
2022   4  40  40  39  39  38   0   0   1   0
2021   4  40  39  38  36  36   0   0   0   0
2019   4  43  44  45  45  45   0   0   1   0
2018   4  44  43  43  43  43   0  -1   0  -1
2017   4  43  43  42  43  43   0   0   0   0
2016   4  40  41  44  44  44   0   0   1   0
2015   4  38  38  38  39  40   1   0   0   0
2013   4  31  30  30  37  38   0   0   0   0
2012   4  36  35  33  32  31   0   0   0   0
2011   4  35  35  35  35  36   1   1   0   0
2010   4  38  38  36  35  35  -1   0   0   0
2009   4  42  41  40  39  38   0   0   0   0
2008   4  45  44  43  42  42   0   0   0   0
2006   4  44  44  43  43  47   0   0   0   0
2005   4  45  45  46  45  44   1   0   0   0
2004   4  48  46  45  44  45   0   0   0   0
2003   4  50  50  50  47  47   0   0   0  -1
2001   4  47  47  46  45  45  -1   0   0   0
1999   4  61  59  58  56  54   0   0   0   0
1998   4  65  64  64  63  63   0   1   0  -1
1997   4  68  72  69  69  69   0   0   1   0
1996   4  79  78  76  74  72   0   0   0   0
1995   4 999 999 999 999 999   0   0   0   0
1994   4 999 999 999 999 999   0   0   0   0
1993   4 999 999 999 999 999   0   0   0   0
1992   4 999 999 999 999 999   0   0   0   0
1991   4  60  61  64  64  65   0   0   1   0
1990   4 999 999 999 999 999   0   0   0   0
1989   4  57  59  59  60  59   0   1   0   0
1988   4  57  56  56  55  57   0   0   0   0
1987   4  58  56  57  57  57   0   0   1   0
1986   4  62  60  59  59  58   0   0  -1   0
1985   4  65  64  64  63  62   0   1   0   0
1984   4  68  67  67  66  66   0   0   0   0
1983   4  63  65  65  65  64   0   1   0   0
1982   4  54  53  55  58  61   0   0   0   0
1981   4  58  57  56  55  54   0   0   0   0
1980   4  60  60  59  59  59   0   0   1   0
1979   4  51  56  59  60  61   0   0   0   0
1978   4  46  48  49  50  51   0   0   0   0
1976   4  46  44  45  46  47   0   0   0   0
1975   4  46  44  45  45  46   1   0   0   1
1974   4 999 999 999 999 999   0   0   0   0
1973   4 999 999 999 999 999   0   0   0   0
1972   4 999 999 999 999 999   0   0   0   0
1971   4 999 999 999 999 999   0   0   0   0
1970   4  49  50  46  47  46   1   0   0   0
1969   4 999 999 999 999 999   0   0   0   0
1968   4 999 999 999 999 999   0   0   0   0
1967   4  43  46  48  48  48   0   0   0   0
1966   4  45  45  45  45  45   0   0   0   0
1965   4 999 999 999 999 999   0   0   0   0
1964   4 999 999 999 999 999   0   0   0   0
1962   4  49  48  47  46  45   0   0   0   0
1961   4 999 999 999 999 999   0   0   0   0
1960   4 999 999 999 999 999   0   0   0   0
1959   4  46  45  44  44  45   0   0   0   0
1958   4  43  44  45  46  47   0   0   0   0
1957   4  40  41  42  43  43   0   0   0   0
1956   4  36  37  38  39  40   0   0   0   0
1955   6  35  34  34  35  35  35  36   0   0   0   0   0   0
1954   6  37  37  36  36  36  36  36   0   0   0   0   0   0
1953   6  34  34  34  35  36  37  37   0   0   0   0   0   0
1952   6  40  39  38  36  36  35  34   0   0   0   0   0   0
1951   6  42  43  43  43  42  41  40   0   0   0   0   0   0
1950   6  35  38  39  40  41  42  42   0   0   0   0   0   0
1949   4  32  32  33  34  35   0   0   0   0
1948   6  40  39  38  34  34  33  32   0   0   0   0   0   0
1947   6 999 999 999 999 999 999 999   0   0   0   0   0   0
1946   6 999 999 999 999 999 999 999   0   0   0   0   0   0
1938   6 999 999 999 999 999 999 999   0   0   0   0   0   0
1937   6 999 999 999 999 999 999 999   0   0   0   0   0   0
1936   6  42  41  41  41  39  38  38   0   0   0   0   0   0
1935   6 999 999 999 999 999 999 999   0   0   0   0   0   0
1934   6 999 999 999 999 999 999 999   0   0   0   0   0   0
1933   6 999 999 999 999 999 999 999   0   0   0   0   0   0
1932   6 999 999 999 999 999 999 999   0   0   0   0   0   0
1931   6 999 999 999 999 999 999 999   0   0   0   0   0   0
1930   6 999 999 999 999 999 999 999   0   0   0   0   0   0
1929   4 999 999 999 999 999   0   0   0   0
1928   6 999 999 999 999 999 999 999   0   0   0   0   0   0
1927   6 999 999 999 999 999 999 999   0   0   0   0   0   0
1926   6 999 999 999 999 999 999 999   0   0   0   0   0   0
1925   6 999 999 999 999 999 999 999   0   0   0   0   0   0
1924   6 999 999 999 999 999 999 999   0   0   0   0   0   0
1923   6 999 999 999 999 999 999 999   0   0   0   0   0   0
1922   6 999 999 999 999 999 999 999   0   0   0   0   0   0
1921   6 999 999 999 999 999 999 999   0   0   0   0   0   0
1920   6  29  30  31  32  33  34  35   0   0   0   0   0   0
1914   6  31  30  30  30  30  29  29   0   0   0   0   0   0
1913   6  31  32  33  33  33  33  33   0   0   0   0   0   0
1912   6  30  29  29  30  30  31  31   0   0   0   0   0   0
1911   6  31  31  30  30  31  31  30   0   0   0   0   0   0
1910   6  25  26  27  28  29  30  31   0   0   0   0   0   0
1909   6  24  24  24  24  25  25  25   0   0   0   0   0   0
1908   6  27  27  26  25  25  24  24   0   0   0   0   0   0
1907   6  30  29  28  28  27  27  27   0   0   0   0   0   0
1906   6  27  28  29  30  30  30  30   0   0   0   0   0   0
1905   6  29  29  28  28  27  27  27   0   0   0   0   0   0
1904   6  29  29  30  30  30  30  30   0   0   0   0   0   0
1903   6 999 999 999 999 999 999 999   0   0   0   0   0   0
1902   6  24  25  26  26  26  26  26   0   0   0  -1   0   0
1901   6  22  23  23  24  24  24  24   0   0   0   0   0   0
1900   6  24  23  23  23  23  22  22   0   0   0   0   0   0
1899   6  21  21  21  21  22  23  24   0   0   0   0   0   0
1898   6  23  23  22  21  21  21  22   0   0   0   0   0   0
1897   6  28  27  26  26  25  24  23   0   0   0   0   0   0
1896   6  29  30  30  29  28  28  28   0   0   0   0   0   0
1894   6  29  30  31  31  31  31  31   0   0   0   0   0   0
1893   6 999 999 999 999 999 999 999   0   0   0   0   0   0
1892   6 999 999 999 999 999 999 999   0   0   0   0   0   0
1891   6 999 999 999 999 999 999 999   0   0   0   0   0   0
1890   6 999 999 999 999 999 999 999   0   0   0   0   0   0
1889   6 999 999 999 999 999 999 999   0   0   0   0   0   0
1888   6  28  28  28  28  28  28  28   0   0   0   0   0   0
1887   6 999 999 999 999 999 999 999   0   0   0   0   0   0
1886   6 999 999 999 999 999 999 999   0   0   0   0   0   0
1885   6 999 999 999 999 999 999 999   0   0   0   0   0   0
1884   6 999 999 999 999 999 999 999   0   0   0   0   0   0
1883   6 999 999 999 999 999 999 999   0   0   0   0   0   0
1882   6 999 999 999 999 999 999 999   0   0   0   0   0   0
1881   6 999 999 999 999 999 999 999   0   0   0   0   0   0
1880   6 999 999 999 999 999 999 999   0   0   0   0   0   0
1879   6  24  25 999 999 999 999 999   0   0   0   0   0   0
1878   6 999 999 999 999 999 999 999   0   0   0   0   0   0
1877   6  20  20  19  18  17  17  17   0   0   0   0   0   0
