Year NDay Positions each day    ; Flags -1=norace, 1=bumped & got bumped
2023   0  42
2022   4  42  43  43  42  42   0   0   0   0
2019   4  43  43  43  43  42   0   0   0   0
2018   4  43  42  41  42  43   0   0   0   0
2017   4  40  41  42  42  43   0   0   0   0
2016   4  40  40  41  40  40   0   0   0   0
2015   4  39  40  41  41  40   0   0   0   0
2014   4  39  40  40  39  39   0   0   0   0
2013   4  42  41  40  41  39   0   0   0   0
2012   4  44  43  44  43  42   0   0   0   0
2011   4  41  41  42  43  44   0   0   0   0
2010   4  42  41  41  41  41   0   0   0   0
2009   4  45  44  43  42  42   0   0   0   0
2008   4  48  47  47  46  45   0   0   0   0
2007   4  53  52  51  50  48   0   0   0   0
2006   4  56  55  55  54  53   0   0   0   0
2005   4  56  56  56  56  56   0   0   0   0
2004   4  52  53  54  55  56   0   0   0   0
2003   4  51  52  52  52  52   0   0   0   0
2002   4  52  52  51  51  51   0   0   0   0
2001   4  53  53  52  51  51   0   0   0   0
2000   4  59  56  55  54  54   0   0   0   0
1999   4  55  56  57  58  59   0   0   0   0
1998   4  52  53  53  53  54   0   0   0   0
1997   4  60  59  56  55  54   0   0   0   0
1996   4  60  59  59  60  60   0   0   0   0
1995   4  64  63  62  60  59   0   0   0   0
1994   4  62  62  63  64  64   0   0   0   0
1993   4  58  61  61  61  62   0  -1  -1   0
1992   4  55  56  57  57  58   0   0   0   0
1991   4  54  54  54  55  55   0   0   0   0
1990   4  52  52  52  53  53   0   0   0   0
1989   4  48  49  50  51  52   0   0   0   0
1988   4  48  49  49  49  48   0   0   0   0
1987   4  46  46  46  47  48   0   0   0   0
1986   4  50  48  47  47  46   0   0   0   0
1985   4  49  49  48  49  49   0   0   0   0
1984   4  51  50  49  49  48   0   0   0   0
1983   4  54  53  52  51  51   0   0   0   0
1982   4  57  56  56  55  54   0   0   0   0
1981   4  60  60  59  58  57   0   0   0   0
1980   4  64  63  62  61  60   0   0   0   0
1979   4  64  63  63  64  64   0   0   0   0
1978   4  62  62  63  63  64   0   0   0   0
1977   4  59  60  61  61  62   0   0   0   0
1976   4  56  56  57  58  59   0   0   0   0
1975   4  56  56  57  57  56   0   0   0   0
1974   4  57  58  58  57  56   0   0   0   0
1973   4  52  53  54  55  56   0   0   0   0
1972   4  48  49  50  51  51   0   0   0   0
1971   4  49  46  47  48  48   0   0   0   0
1970   4  45  46  47  48  49   0   0   0   0
1969   4  45  44  44  44  45   0   0   0   0
1968   4  42  45  44  44  45   0   0   0   0
1967   4  47  44  43  43  42   0   0   0   0
1966   4  51  50  49  48  47   0   0   0   0
1965   4  48  49  49  50  51   0   0   0   0
1964   4  44  45  46  47  48   0   0   0   0
1963   4  41  41  42  43  44   0   0   0   0
1962   4  46  44  43  42  41   0   0   0   0
1961   4  43  43  44  45  46   0   0   0   0
1960   4  47  46  45  44  43   0   0   0   0
1959   4  48  48  48  48  47   0   0   0   0
1958   4  44  45  46  47  48   0   0   0   0
1957   4  39  42  42  43  44   0   0   0   0
1956   4  36  37  38  38  39   0   0   0   0
1955   4  35  34  34  35  36   0   0   0   0
1954   4  36  36  36  35  35   0   0   0   0
1953   6  31  32  33  33  34  35  36   0   0   0   0   0   0
1952   6  28  28  29  29  30  31  31   0   0   0   0   0   0
1951   6  28  28  27  27  28  28  28   0   0   0   0   0   0
1950   6  22  23  24  25  26  27  28   0   0   0   0   0   0
1949   6  20  20  20  21  21  22  22   0   0   0   0   0   0
1948   6  27  26  24  23  22  21  20   0   0   0   0   0   0
1947   6  32  31  30  30  29  28  27   0   0   0   0   0   0
1946   6  31  31  31  32  33  32  32   0   0   0   0   0   0
1938   6  33  34  35  36  37  37  37   0   0   0   0   0   0
1937   6  33  33  32  31  31  32  33   0   0   0   0   0   0
1936   6  35  34  34  35  35  34  33   0   0   0   0   0   0
1935   6  37  37  37  37  36  36  35   0   0   0   0   0   0
1934   6  38  38  37  37  38  37  37   0   0   0   0   0   0
1933   6  37  36  36  37  37  38  39   0   0   0   0   0   0
1932   6  37  38  39  39  39  38  37   0   0   0   0   0   0
1931   6  35  35  36  37  37  37  37   0   0   0   0   0   0
1930   6  34  35  36  36  35  35  35   0   0   0   0   0   0
1929   6  38  36  35  34  34  33  34   0   0   0   0   0   0
1928   6  34  34  35  36  37  38  39   0   0   0   0   0   0
1927   6  36  36  36  35  35  34  34   0   0   0   0   0   0
1926   4  35  35  35  36  37   0   0   0   0
1925   6  33  34  35  35  35  36  36   0   0   0   0   0   0
1924   6  34  35  35  35  34  33  33   0   0   0   0   0   0
1923   6  30  31  32  32  33  34  34   0   0   0   0   0   0
1922   6  25  26  27  28  28  29  30   0   0   0   0   0   0
1921   6  30  29  28  27  27  26  25   0   0   0   0   0   0
1920   6 999 999 999 999 999 999 999   0   0   0   0   0   0
1914   6  20  21  21  22  22  22  23   0   0   0   0   0   0
1913   6  18  18  18  18  19  20  20   0   0   0   0   0   0
1912   6  20  20  20  20  20  19  18   0   0   0   0   0   0
1911   6  21  21  20  20  21  21  20   0   0   0   0   0   0
1910   4  21  21  21  21  21   0   0   0   0
1909   6  21  21  21  21  21  21  21   0   0   0   0   0   0
1908   6  26  25  24  24  23  22  21   0   0   0   0   0   0
