Year NDay Positions each day    ; Flags -1=norace, 1=bumped & got bumped
2023   4  10   8   8   9   9   0   0   0   0
2022   4  10   9   9   9  10   0   0   0   0
2021   4  14  13  12  11   9   0   0   0   0
2019   4  19  18  18  17  16   0   0   0   0
2018   4  17  16  16  16  19   0  -1   0   0
2017   4  15  16  19  18  17   0   0   0   0
2016   4  17  17  16  15  15   0   0   0   0
2015   4  22  21  19  18  17   0   0   0   0
2013   4  28  27  26  23  22   0   0   0   0
2012   4  25  27  27  28  29   0   0   0   0
2011   4  24  24  24  25  25   0   1   0   0
2010   4  25  25  25  25  24   0   0   0   0
2009   4  25  25  25  25  24   0   0   0   0
2008   4  24  24  25  25  26   0   0   0   0
2006   4  26  26  26  25  25   0   1   0   0
2005   4  30  29  28  27  26   0   0   0   0
2004   4  32  33  31  30  30   0   0   0   0
2003   4  27  27  31  31  31   1   0   0  -1
2001   4  15  16  18  19  25   0   0   0   0
1999   4   6  13  17  18  17   0   0   0   0
1998   4   9   8   7   6   6   0   0   0  -1
1997   4  12  12  11  10   9   0   0   0   0
1996   4  13  13  12  13  13   0   0   0   0
1995   4  12  12  12  12  13   0   0   0   0
1994   4  12  12  12  12  12   0  -1  -1  -1
1993   4  15  15  15  14  12   0   1   0   0
1992   4  13  14  13  15  15   0   0   0   1
1991   4  17  16  14  12  13   0   0   0   0
1989   4  20  19  17  17  17   0   0   0   0
1988   4  17  17  17  19  20   0   0   0   0
1987   4  16  17  18  18  17   0   0   0   0
1986   4  13  14  16  16  16   0   0  -1   0
1985   4  17  16  15  14  13   0   0   0   0
1984   4  19  19  19  18  17   1   0   0   0
1983   4  16  15  17  19  19   0   0   0   1
1982   4  21  20  19  18  16   0   0   0   0
1981   4  25  24  23  22  21   0   0   0   0
