Year NDay Positions each day    ; Flags -1=norace, 1=bumped & got bumped
2023   4   2   1   1   1   1   0   0   0   0
2022   4   4   3   2   2   2   0   0   0   0
2021   4  10   9   8   7   4   0   0   0   0
2019   4  11  11  11  12  12   1   0   0   0
2018   4   8   9   9   9  11   0  -1   0   0
2017   4   6   8   8   8   8   0   1   0   1
2016   4   7   6   5   6   6   0   0   0   0
2015   4  11   9   8   8   7   0   0   0   0
2013   4  11  11  11  11  11   0   1   0   1
2012   4  11  11  11  11  11   0   1   0   1
2011   4  17  16  15  14  11   0   0   0   0
2010   4  21  20  19  18  17   0   0   0   0
2009   4  16  17  19  20  20   0   0   0   0
2008   4  21  20  19  18  17   0   0   0   0
2006   4  28  27  23  22  21   0   0   0   0
2005   4  24  25  26  28  28   0   0   0   0
2004   4  10  13  14  21  24   0   0   0   0
2003   4   9   9  10  10  10   0   0   0  -1
2001   4   3   5   7   9   9   0   0   0   0
1999   4   4   4   4   4   4   0   0   0   0
1998   4   5   4   4   4   4   0   0   0  -1
1997   4  10   9   8   6   5   0   0   0   0
1996   4   9  11  11  11  11   0   0   0   1
1995   4   6   6   6   7   9   0   0   0   0
1994   4   5   6   6   6   6   0  -1  -1  -1
1993   4   6   5   4   4   5   0   0   0   0
1992   4  10   9   8   7   6   0   0   0   0
1991   4   6   9  10  11  10   0   0   0   0
1989   4   6   6   6   7   7   0   0   0   0
1988   4   6   6   6   6   6   0   0   0   0
1987   4   8   7   6   5   6   0   0   0   0
1986   4   7   7   7   7   8   0   0  -1   0
1985   4  11  10   9   8   7   0   0   0   0
1984   4  15  14  13  12  11   0   0   0   0
1983   4  20  19  18  17  15   0   0   0   0
1982   4  25  24  23  22  20   0   0   0   0
1981   4  33  32  31  30  36   0   0   0   0
