Year NDay Positions each day    ; Flags -1=norace, 1=bumped & got bumped
2023   4  56  55  56  57  57   0   0   0   1
2022   4  64  63  62  59  58   0   0   0   0
2021   4  59  58  57  56  57   0   0   0   0
2019   4 999 999 999 999 999   0   0   0   0
2018   4  69  67  67  67  67   0  -1   0  -1
2017   4 999 999 999 999 999   0   0   0   0
2016   4 999 999 999 999 999   0   0   0   0
2015   4 999 999 999 999 999   0   0   0   0
2013   4 999 999 999 999 999   0   0   0   0
2012   4 999 999 999 999 999   0   0   0   0
2011   4 999 999 999 999 999   0   0   0   0
2010   4 999 999 999 999 999   0   0   0   0
2009   4 999 999 999 999 999   0   0   0   0
2008   4 999 999 999 999 999   0   0   0   0
2006   4  67  67  68  72  73   0   0   0   0
2005   4 999 999 999 999 999   0   0   0   0
2004   4  67  66  66  64  63   0   0   0   0
2003   4  59  59  61  67  67   1   0   0  -1
2001   4 999 999 999 999 999   0   0   0   0
1999   4  59  60  60  59  60   1   0   0   0
1998   4  58  59  59  60  60   0   0   0  -1
1997   4  56  57  58  57  57   0   0   0   1
1996   4  64  63  59  58  56   0   0   0   0
1995   4 999 999 999 999 999   0   0   0   0
1994   4  66  65  65  65  65   0  -1  -1  -1
1993   4 999 999 999 999 999   0   0   0   0
1992   4  70  69  69  68  67   0   0   0   0
1991   4  68  70  71  73  74   0   1   0   0
1990   4 999 999 999 999 999   0   0   0   0
1989   4  75  75  72  71  70   0   0   0   0
1988   4  83  82  82  82  81   0   1   0   0
1987   4 999 999 999 999 999   0   0   0   0
1986   4  82  81  80  80  79   0   0  -1   0
1985   4 999 999 999 999 999   0   0   0   0
1984   4 999 999 999 999 999   0   0   0   0
1983   4  64  63  63  64  63   0   0   0   0
1982   4  67  66  66  65  65   0   0   0   0
1981   4  64  65  64  63  62   0   0   0   0
1980   4  71  70  70  70  70   0   1   0   0
1979   4 999 999 999 999 999   0   0   0   0
1978   4 999 999 999 999 999   0   0   0   0
1976   4  54  54  55  55  56   0   0   0   0
1975   4 999 999 999 999 999   0   0   0   0
1974   4 999 999 999 999 999   0   0   0   0
1973   4 999 999 999 999 999   0   0   0   0
1972   4  40  39  39  37  37   0   0   0   0
1971   4  38  40  39  39  40   0   0   0   0
1970   4  44  43  42  41  39   0   0   0   0
1969   4  45  44  45  46  46   0   0   0   0
1968   4  51  50  48  47  49   0   0   0   0
1967   4 999 999 999 999 999   0   0   0   0
1966   4 999 999 999 999 999   0   0   0   0
1965   4 999 999 999 999 999   0   0   0   0
1964   4 999 999 999 999 999   0   0   0   0
1962   4  46  45  46  47  47   0   0   0   0
1961   4  46  46  46  45  48   0   0   0   0
1960   4  41  42  43  43  45   0   0   1   0
1959   4  53  53  52  51  50   0   0   0   0
