Year NDay Positions each day    ; Flags -1=norace, 1=bumped & got bumped
2022   4  72  71  71  72  73   0   0   0   0
2019   4  74  73  73  73  74   0   0   0   0
2018   4 999 999 999 999 999   0   0   0   0
2017   4 999 999 999 999 999   0   0   0   0
2016   4 999 999 999 999 999   0   0   0   0
2015   4 999 999 999 999 999   0   0   0   0
2014   4  74  74  75  75  76   0   0   0   0
2013   4 999 999 999 999 999   0   0   0   0
2012   4  69  68  68  67  65   0   0   0   0
2011   4 999 999 999 999 999   0   0   0   0
2010   4 999 999 999 999 999   0   0   0   0
2009   4  72  72  71  71  68   0   0   0   0
