Year NDay Positions each day    ; Flags -1=norace, 1=bumped & got bumped
2023   4  36  35  34  34  35   0   0   0   0
2022   4  38  36  35  35  36   0   0   0   0
2021   4  42  41  39  38  36   0   0   0   0
2019   4  55  53  52  51  48   0   0   0   0
2018   4 999 999 999 999 999   0   0   0   0
2017   4  43  49  50  49  50   0   0   0   0
2016   4  39  38  38  42  42   0   0   0   1
2015   4  35  34  37  38  39   0   0   0   0
2013   4  34  34  37  36  35   0   0   0   0
2012   4  39  38  37  36  35   0   0   0   0
2011   4  45  43  42  41  40   0   0   0   0
2010   4  46  46  45  45  46  -1   0   1   0
2009   4  43  45  45  46  45   0   0   0   0
2008   4  48  47  44  43  42   0   0   0   0
2006   4 999 999 999 999 999   0   0   0   0
2005   4  59  60  60  60  58   0   0   0   0
2004   4 999 999 999 999 999   0   0   0   0
2003   4 999 999 999 999 999   0   0   0   0
2001   4 999 999 999 999 999   0   0   0   0
1999   4  55  55  55  55  55  -1  -1  -1   1
1998   4 999 999 999 999 999   0   0   0   0
1997   4 999 999 999 999 999   0   0   0   0
1996   4 999 999 999 999 999   0   0   0   0
1995   4 999 999 999 999 999   0   0   0   0
1994   4  41  43  43  43  43   0  -1  -1  -1
1993   4 999 999 999 999 999   0   0   0   0
1992   4  45  45  46  45  49   1   0   0   0
1991   4  61  60  60  59  58   0   1   0   0
1989   4 999 999 999 999 999   0   0   0   0
1988   4  46  47  49  48  46   1   0   0   0
1987   4 999 999 999 999 999   0   0   0   0
1986   4  41  39  38  38  37   0   0  -1   0
