Year NDay Positions each day    ; Flags -1=norace, 1=bumped & got bumped
2023   4   1   2   2   2   3   0   0   0   0
2022   4   4   3   2   1   1   0   0   0   0
2019   4   5   5   5   4   4   0   0   0   0
2018   4   4   4   5   5   5   0   0   0   0
2017   4   3   3   4   4   4   0   0   0   0
2016   4   4   3   3   3   3   0   0   0   0
2015   4   8   7   6   5   4   0   0   0   0
2014   4   8   8   8   8   8   0   0   0   0
2013   4   9   9   9   9   8   0   0   0   0
2012   4   6   6   7   8   9   0   0   0   0
2011   4  10   9   8   7   6   0   0   0   0
2010   4  15  14  12  11  10   0   0   0   0
2009   4  16  16  16  15  15   0   0   0   0
2008   4  18  18  17  16  16   0   0   0   0
2007   4  18  19  19  18  18   0   0   0   0
2006   4  17  18  18  18  18   0   0   0   0
2005   4  14  15  15  16  17   0   0   0   0
2004   4  12  12  13  13  14   0   0   0   0
2003   4   8   9  10  11  12   0   0   0   0
2002   4  11  10   7   8   8   0   0   0   0
2001   4  12  11  11  11  11   0   0   0   0
2000   4   8   9  10  11  12   0   0   0   0
1999   4   9   8   8   8   8   0   0   0   0
1998   4  12  12  11  10   9   0   0   0   0
1997   4  13  13  12  12  12   0   0   0   0
1996   4  10  11  12  12  13   0   0   0   0
1995   4   7   8   9  10  10   0   0   0   0
1994   4   5   6   6   7   7   0   0   0   0
1993   4   3   4   5   5   5   0   0   0   0
1992   4   6   6   5   4   3   0   0   0   0
1991   4   9   8   7   7   6   0   0   0   0
1990   4  11  10  10   9   9   0   0   0   0
1989   4  15  14  13  12  11   0   0   0   0
1988   4  19  18  17  16  15   0   0   0   0
1987   4  18  19  19  19  19   0   0   0   0
1986   4  21  20  19  19  18   0   0   0   0
1985   4  23  22  22  21  21   0   0   0   0
1984   4  25  24  23  23  23   0   0   0   0
1983   4  38  36  35  34  33   0   0   0   0
1982   4  31  31  30  30  31   0   0   0   0
1981   4  27  27  27  27  26   0   0   0   0
1980   4  27  27  28  29  29   0   0   0   0
