Year NDay Positions each day    ; Flags -1=norace, 1=bumped & got bumped
2023   4  65  64  63  63  64   0   0   0   0
2022   4  68  68  67  66  65   0   0   0   0
2019   4  72  71  71  70  69   0   0   0   0
2018   4 999 999 999 999 999   0   0   0   0
2017   4 999 999 999 999 999   0   0   0   0
2016   4  68  67  66  66  66   0   0   0   0
2015   4  66  67  70  71  74   0   0   0   0
2014   4  63  64  65  66  67   0   0   0   0
2013   4  64  65  66  67  68   0   0   0   0
2012   4  68  69  69  70  71   0   0   0   0
2011   4 999 999 999 999 999   0   0   0   0
2010   4  64  65  66  67  68   0   0   0   0
2009   4  69  69  70  70  69   0   0   0   0
2008   4 999 999 999 999 999   0   0   0   0
2007   4 999 999 999 999 999   0   0   0   0
2006   4 999 999 999 999 999   0   0   0   0
2005   4 999 999 999 999 999   0   0   0   0
2004   4 999 999 999 999 999   0   0   0   0
2003   4 999 999 999 999 999   0   0   0   0
2002   4 999 999 999 999 999   0   0   0   0
2001   4 999 999 999 999 999   0   0   0   0
2000   4 999 999 999 999 999   0   0   0   0
1999   4 999 999 999 999 999   0   0   0   0
1998   4 999 999 999 999 999   0   0   0   0
1997   4 999 999 999 999 999   0   0   0   0
1996   4 999 999 999 999 999   0   0   0   0
1995   4 999 999 999 999 999   0   0   0   0
1994   4 999 999 999 999 999   0   0   0   0
1993   4 999 999 999 999 999   0   0   0   0
1992   4 999 999 999 999 999   0   0   0   0
1991   4 999 999 999 999 999   0   0   0   0
1990   4 999 999 999 999 999   0   0   0   0
1989   4  51  51  50  50  51   0   0   0   0
1988   4  56  56  57  56  55   0   0   0   0
