Year NDay Positions each day    ; Flags -1=norace, 1=bumped & got bumped
2023   4  72  71  70  70  70   0   0   0   0
2022   4  83  84  84  84  84   0   0   0   0
2019   4 999 999 999 999 999   0   0   0   0
2018   4 999 999 999 999 999   0   0   0   0
2017   4 999 999 999 999 999   0   0   0   0
2016   4  84  84  83  82  81   0   0   0   0
2015   4 999 999 999 999 999   0   0   0   0
2014   4  87  88  89  90  90   0   0   0   0
2013   4 999 999 999 999 999   0   0   0   0
2012   4  85  84  83  82  81   0   0   0   0
2011   4 999 999 999 999 999   0   0   0   0
2010   4 999 999 999 999 999   0   0   0   0
2009   4  85  84  83  82  82   0   0   0   0
2008   4 999 999 999 999 999   0   0   0   0
2007   4  83  82  81  80  80   0   0   0   0
2006   4 999 999 999 999 999   0   0   0   0
2005   4 999 999 999 999 999   0   0   0   0
2004   4  75  74  74  72  71   0   0   0   0
2003   4 999 999 999 999 999   0   0   0   0
2002   4  83  83  83  84  84   0   0   0   0
2001   4 999 999 999 999 999   0   0   0   0
2000   4 999 999 999 999 999   0   0   0   0
1999   4 999 999 999 999 999   0   0   0   0
1998   4  77  76  75  74  74   0   0   0   0
1997   4  77  78  79  80  81   0   0   0   0
1996   4  73  74  75  76  77   0   0   0   0
1995   4  71  70  70  71  72   0   0   0   0
1994   4  73  72  73  73  72   0   0   0   0
1993   4  71  72  72  72  73   0  -1  -1   0
1992   4  68  67  70  71  71   0   0   0   0
1991   4  65  66  67  68  68   0   0   0   0
1990   4  63  64  65  64  64   0   0   0   0
1989   4  64  64  64  63  63   0   0   0   0
1988   4  65  66  66  65  64   0   0   0   0
1987   4  62  62  63  64  65   0   0   0   0
1986   4  70  65  64  63  62   0   0   0   0
1985   4  70  69  69  69  70   0   0   0   0
1984   4  66  67  68  69  70   0   0   0   0
1983   4  62  63  64  65  66   0   0   0   0
1982   4  65  64  63  62  62   0   0   0   0
1981   4  65  66  65  65  65   0   0   0   0
1980   4  66  67  67  66  65   0   0   0   0
1979   4  69  69  68  67  66   0   0   0   0
1978   4  70  70  70  70  69   0   0   0   0
1977   4  75  74  72  71  70   0   0   0   0
1976   4  73  73  74  75  75   0   0   0   0
1975   4  73  74  73  72  73   0   0   0   0
1974   4  70  71  72  73  73   0   0   0   0
1973   4  67  67  67  68  69   0   0   0   0
1972   4  66  66  65  65  66   0   0   0   0
1971   4  62  63  64  65  66   0   0   0   0
1970   4  66  65  64  63  62   0   0   0   0
1969   4  69  69  68  67  66   0   0   0   0
1968   4  66  67  68  69  70   0   0   0   0
1967   4  62  63  64  65  66   0   0   0   0
1966   4  68  67  64  63  62   0   0   0   0
1965   4  69  72  71  70  69   0   0   0   0
1964   4  68  69  70  70  70   0   0   0   0
1963   4  65  66  67  68  69   0   0   0   0
1962   4  62  62  63  64  65   0   0   0   0
1961   4  65  64  64  63  62   0   0   0   0
1960   4  68  65  66  66  65   0   0   0   0
1959   4  67  67  67  68  68   0   0   0   0
1958   4  66  66  67  68  69   0   0   0   0
1957   4  64  65  66  67  68   0   0   0   0
1956   4  60  61  62  63  64   0   0   0   0
1955   4  57  58  59  60  61   0   0   0   0
1954   4  55  55  56  57  57   0   0   0   0
1953   6  58  57  56  55  54  53  52   0   0   0   0   0   0
1952   6  64  63  62  61  60  59  58   0   0   0   0   0   0
1951   6  70  69  68  67  66  65  64   0   0   0   0   0   0
1950   6  76  75  75  74  72  71  70   0   0   0   0   0   0
1949   6  77  77  78  79  79  78  77   0   0   0   0   0   0
1948   6 999 999 999 999 999 999 999   0   0   0   0   0   0
1947   6 999 999 999 999 999 999 999   0   0   0   0   0   0
1946   6 999 999 999 999 999 999 999   0   0   0   0   0   0
1938   6 999 999 999 999 999 999 999   0   0   0   0   0   0
1937   6  63  63  63  63  63  63  63   0   0   0   0   0   0
1936   6 999 999 999 999 999 999 999   0   0   0   0   0   0
1935   6 999 999 999 999 999 999 999   0   0   0   0   0   0
1934   6 999 999 999 999 999 999 999   0   0   0   0   0   0
1933   6 999 999 999 999 999 999 999   0   0   0   0   0   0
1932   6  56  56  56  56  56  56  55   0   0   0   0   0   0
