Year NDay Positions each day    ; Flags -1=norace, 1=bumped & got bumped
2023   4  32  33  34  35  36   0   0   0   0
2022   4  33  32  32  32  32   0   0   0   0
2019   4  33  32  32  33  33   0   0   0   0
2018   4  37  36  35  34  33   0   0   0   0
2017   4  36  37  37  37  38   0   0   0   0
2016   4  39  38  38  37  37   0   0   0   0
2015   4  37  37  38  39  39   0   0   0   0
2014   4  41  39  38  37  36   0   0   0   0
2013   4  43  44  43  43  42   0   0   0   0
2012   4  46  45  44  43  43   0   0   0   0
2011   4  50  49  48  47  46   0   0   0   0
2010   4  52  52  52  51  50   0   0   0   0
2009   4  52  52  53  53  52   0   0   0   0
2008   4  55  54  53  52  51   0   0   0   0
2007   4  58  57  56  55  54   0   0   0   0
2006   4  60  60  61  61  62   0   0   0   0
2005   4  65  65  64  63  63   0   0   0   0
2004   4  71  72  71  70  69   0   0   0   0
2003   4 999 999 999 999 999   0   0   0   0
2002   4  62  62  63  63  64   0   0   0   0
2001   4  71  70  69  68  67   0   0   0   0
2000   4 999 999 999 999 999   0   0   0   0
1999   4 999 999 999 999 999   0   0   0   0
1998   4 999 999 999 999 999   0   0   0   0
1997   4  41  42  43  44  47   0   0   0   0
1996   4  39  40  40  41  42   0   0   0   0
1995   4  41  40  41  40  39   0   0   0   0
1994   4  43  44  43  42  43   0   0   0   0
1993   4  43  43  43  43  44   0  -1  -1   0
1992   4  47  46  45  44  43   0   0   0   0
1991   4  44  45  46  46  47   0   0   0   0
1990   4  42  43  44  45  46   0   0   0   0
1989   4  45  45  45  45  44   0   0   0   0
1988   4  48  47  47  46  46   0   0   0   0
1987   4  51  52  53  54  55   0   0   0   0
1986   4  50  53  54  55  55   0   0   0   0
1985   4  57  57  56  55  55   0   0   0   0
1984   4 999 999 999 999 999   0   0   0   0
1983   4 999 999 999 999 999   0   0   0   0
1982   4 999 999 999 999 999   0   0   0   0
1981   4  41  41  41  40  40   0   0   0   0
