Year NDay Positions each day    ; Flags -1=norace, 1=bumped & got bumped
2023   4  48  48  48  47  47   1   0   0   1
2022   4  42  45  47  48  48   0   0   1   0
2021   4 999 999 999 999 999   0   0   0   0
2019   4  31  37  36  36  37   0   0   0   0
2018   4  26  29  29  29  31   0  -1   0   0
2017   4  29  28  28  27  26   0   0   0   0
2016   4  22  25  26  28  29   0   0   0   0
2015   4  26  24  23  22  22   0   0   0   0
2013   4  29  29  28  27  26   0   0   0   0
2012   4  30  30  30  30  30   0   0   0   0
2011   4  34  33  32  31  30   0   0   0   0
2010   4  35  35  34  34  34  -1   0   0   0
2009   4  39  38  36  35  34   0   0   0   0
2008   4  35  34  35  37  38   0   0   0   0
2006   4  38  36  36  35  37   0   0   0   0
2005   4  41  40  39  38  37   0   0   0   0
2004   4  37  39  43  42  42   0   0   0   0
2003   4  36  36  35  37  37   1   0   0  -1
2001   4 999 999 999 999 999   0   0   0   0
1999   4  35  34  37  37  38   0   0   0   0
1998   4  32  36  36  37  37   0   0   0  -1
1997   4  36  34  33  32  31   0   0   0   0
1996   4  31  31  32  34  36   0   0   0   0
1995   4 999 999 999 999 999   0   0   0   0
1994   4  32  32  32  32  32   0  -1  -1  -1
1993   4  36  35  33  33  32   0   0   0   0
1992   4  28  29  32  32  36   0   0   0   0
1991   4  33  31  30  29  28   0   0   0   0
1989   4  37  36  35  34  33   0   0   0   0
1988   4  37  36  35  34  37   0   0   0   0
1987   4  42  41  41  40  38   0   0   0   0
