Year NDay Positions each day    ; Flags -1=norace, 1=bumped & got bumped
2023   4   4   3   3   4   5   0   0   0   0
2022   4   3   2   3   4   4   0   0   0   0
2019   4   2   3   3   3   3   0   0   0   0
2018   4   1   2   2   2   2   0   0   0   0
2017   4   1   1   1   1   1   0   0   0   0
2016   4   1   1   1   1   1   0   0   0   0
2015   4   1   1   1   1   1   0   0   0   0
2014   4   2   2   1   1   1   0   0   0   0
2013   4   2   3   3   2   2   0   0   0   0
2012   4   3   3   2   2   2   0   0   0   0
2011   4   3   2   2   3   3   0   0   0   0
2010   4   5   5   4   3   3   0   0   0   0
2009   4   4   4   5   5   5   0   0   0   0
2008   4   6   6   5   4   4   0   0   0   0
2007   4   4   4   5   6   6   0   0   0   0
2006   4   5   5   5   5   4   0   0   0   0
2005   4   7   6   6   6   5   0   0   0   0
2004   4   5   5   6   7   7   0   0   0   0
2003   4   7   6   6   5   5   0   0   0   0
2002   4   4   5   6   6   7   0   0   0   0
2001   4   3   2   2   3   4   0   0   0   0
2000   4   4   5   4   3   3   0   0   0   0
1999   4   7   6   5   4   4   0   0   0   0
1998   4   4   4   5   6   7   0   0   0   0
1997   4   8   7   6   5   4   0   0   0   0
1996   4   9   9   8   8   8   0   0   0   0
1995   4  10   9   8   8   9   0   0   0   0
1994   4   7   7   8   9  10   0   0   0   0
1993   4   8   7   7   7   7   0   0   0   0
1992   4   7   8   8   8   8   0   0   0   0
1991   4   5   5   6   6   7   0   0   0   0
1990   4   2   3   4   5   5   0   0   0   0
1989   4   4   3   2   2   2   0   0   0   0
1988   4   4   4   4   4   4   0   0   0   0
1987   4   8   7   6   5   4   0   0   0   0
1986   4  10   9  10   9   8   0   0   0   0
1985   4  13  12  12  11  10   0   0   0   0
1984   4  10  11  12  13  13   0   0   0   0
1983   4   8   8   9  10  10   0   0   0   0
1982   4   4   5   6   7   8   0   0   0   0
1981   4   2   2   2   3   4   0   0   0   0
1980   4   3   3   3   2   2   0   0   0   0
1979   4   1   2   2   2   2   0   0   0   0
1978   4   2   2   1   1   1   0   0   0   0
1977   4   1   1   1   2   2   0   0   0   0
1976   4   3   2   1   1   1   0   0   0   0
