Year NDay Positions each day    ; Flags -1=norace, 1=bumped & got bumped
2023   4   3   5   7   7   8   0   0   0   0
2022   4   7   6   5   4   3   0   0   0   0
2021   4 999 999 999 999 999   0   0   0   0
2019   4   2   1   1   1   1   0   0   0   0
2018   4   2   2   2   2   2   0  -1   0   0
2017   4   5   4   3   2   2   0   0   0   0
2016   4   1   2   3   4   5   0   0   0   0
2015   4   2   1   1   1   1   0   0   0   0
2013   4   2   2   2   2   2   0   0   0   0
2012   4   3   2   2   2   2   0   0   0   0
2011   4   8   7   5   4   3   0   0   0   0
2010   4  11  10   9   9   8   0   0   0   0
2009   4  11  11  13  12  11   0   0   0   0
2008   4  14  15  15  14  12   0   0   0   0
2006   4  17  16  15  15  14   0   0   0   0
2005   4  17  17  17  16  17   0   0   0   0
2004   4  16  15  16  15  17   0   0   0   0
2003   4  11  13  14  15  15   0   0   0  -1
2001   4 999 999 999 999 999   0   0   0   0
1999   4   7   6   5   5   6   0   0   0   0
1998   4   4   5   6   7   7   0   0   0  -1
1997   4   4   4   4   4   4   0   0   0   0
1996   4   4   3   3   4   4   0   0   0   0
1995   4   5   5   5   4   4   0   0   0   0
1994   4   6   5   5   5   5   0  -1  -1  -1
1993   4   3   4   5   6   6   0   0   0   0
1992   4   4   4   3   3   3   1   0   0   0
1991   4   7   6   5   4   4   0   0   0   0
1989   4   5   4   3   3   3   0   0   0   0
1988   4   5   5   5   5   5   0   0   0   0
1987   4   7   6   5   6   5   0   0   0   0
1986   4  10   9   8   8   7   0   0  -1   0
1985   4  13  14  12  11  10   0   0   0   0
1984   4  12  12  12  11  13   0   0   0   0
1983   4  15  17  15  14  12   0   0   0   0
1982   4  11  13  13  16  15   0   0   0   0
1981   4   5   7   7   9  11   0   0   0   0
1980   4   1   2   3   5   5   0   0   0   0
1979   4   3   1   1   1   1   0   0   0   0
1978   4   9   7   4   4   3   0   0   0   0
