Year NDay Positions each day    ; Flags -1=norace, 1=bumped & got bumped
2023   4  40  41  42  43  44   0   0   0   0
2022   4  37  38  39  39  40   0   0   0   0
2019   4  38  37  37  36  37   0   0   0   0
2018   4 999 999 999 999 999   0   0   0   0
2017   4  32  33  34  34  34   0   0   0   0
2016   4  29  30  31  32  33   0   0   0   0
2015   4  26  27  27  28  29   0   0   0   0
2014   4  25  25  24  25  25   0   0   0   0
2013   4  30  29  28  28  26   0   0   0   0
2012   4  34  33  32  31  30   0   0   0   0
2011   4  37  36  35  34  34   0   0   0   0
2010   4  36  36  36  36  37   0   0   0   0
2009   4  37  37  38  37  36   0   0   0   0
2008   4  34  35  36  36  37   0   0   0   0
2007   4  32  32  33  34  34   0   0   0   0
2006   4  33  34  34  33  32   0   0   0   0
2005   4  35  35  34  34  33   0   0   0   0
2004   4  35  36  37  36  36   0   0   0   0
2003   4  38  36  35  35  35   0   0   0   0
2002   4  40  40  40  40  39   0   0   0   0
2001   4  36  37  38  39  39   0   0   0   0
2000   4  38  38  38  38  37  -1   0   0   0
1999   4  41  42  40  40  39   0   0   0   0
1998   4  46  45  44  43  42   0   0   0   0
1997   4  47  47  48  49  49   0   0   0   0
1996   4  45  46  47  48  49   0   0   0   0
1995   4  42  43  44  45  46   0   0   0   0
1994   4  44  43  44  44  44   0   0   0   0
1993   4  46  45  45  45  45   0  -1  -1   0
1992   4  44  45  46  47  48   0   0   0   0
1991   4  42  42  42  43  44   0   0   0   0
1990   4  40  41  42  43  44   0   0   0   0
1989   4  41  42  42  41  41   0   0   0   0
1988   4  41  40  40  41  41   0   0   0   0
1987   4  44  43  42  42  41   0   0   0   0
1986   4  47  48  47  46  45   0   0   0   0
1985   4  54  54  53  52  51   0   0   0   0
1984   4 999 999 999 999 999   0   0   0   0
1983   4  49  49  49  48  49   0   0   0   0
1982   4  20  21  24  25  26   0   0   0   0
1981   4  16  17  18  19  20   0   0   0   0
1980   4  12  13  14  15  16   0   0   0   0
1979   4  13  13  13  14  13   0   0   0   0
1978   4  13  14  14  13  13   0   0   0   0
1977   4   9  10   9  10  11   0   0   0   0
