Year NDay Positions each day    Flags 1=bumped & got bumped
1989   4   58  60  59  58  58   0   0   0   0   0
1991   4  999 999 999 999 999   0   0   0   0   0
1992   4  999 999 999 999 999   0   0   0   0   0
1993   4  999 999 999 999 999   0   0   0   0   0
1994   4  999 999 999 999 999   0   0   0   0   0
1995   4  999 999 999 999 999   0   0   0   0   0
1996   4  999 999 999 999 999   0   0   0   0   0
1997   4  999 999 999 999 999   0   0   0   0   0
1998   4  999 999 999 999 999   0   0   0   0   0
1999   4  999 999 999 999 999   0   0   0   0   0
2001   4  999 999 999 999 999   0   0   0   0   0
2003   4   57  58  59  61  61   0   0   0   0   0
2004   4  999 999 999 999 999   0   0   0   0   0
2005   4  999 999 999 999 999   0   0   0   0   0
2006   4  999 999 999 999 999   0   0   0   0   0
2008   4  999 999 999 999 999   0   0   0   0   0
2009   4   61  61  60  59  60   0   0   0   0   0
2010   4  999 999 999 999 999   0   0   0   0   0
2011   4  999 999 999 999 999   0   0   0   0   0
2012   4  999 999 999 999 999   0   0   0   0   0
2013   4   58  58  60  60  59   0   0   0   0   0
2015   4  999 999 999 999 999   0   0   0   0   0
2016   4   56  56  58  60  61   0   0   0   0   0
2017   4   54  53  53  56  56   0   1   0   0   0
