Year NDay Positions each day    ; Flags -1=norace, 1=bumped & got bumped
2023   4   4   3   2   2   2   0   0   0   0
2022   4   7   6   5   4   4   0   0   0   0
2021   4   4   5   7   7   7   0   0   0   0
2019   4   6   6   6   6   5   0   0   0   0
2018   4   8   7   7   7   6   0  -1   0   0
2017   4   3   3   4   8   8   0   0   0   0
2016   4   5   5   4   4   4   0   0   0   0
2015   4   7   6   6   5   5   0   0   0   0
2013   4   5   5   6   7   7   0   0   0   0
2012   4   8   7   6   5   5   0   0   0   0
2011   4  14  12  10   9   8   0   0   0   0
2010   4  20  17  16  15  14   0   0   0   0
2009   4  21  21  21  21  20   1   0   0   0
2008   4  25  24  22  21  21   0   0   0   0
2006   4  27  26  26  25  25   0   0   0   0
2005   4  29  28  29  28  27   0   0   0   0
2004   4  23  25  25  26  29   0   0   0   0
2003   4  29  28  26  23  23   0   0   0  -1
2001   4  26  27  27  29  29   0   1   0   1
1999   4  29  29  28  27  26   0   0   0   0
1998   4  27  29  30  30  30   0   0   0  -1
1997   4  26  26  26  26  27   0   0   0   0
1996   4  19  20  22  25  26   0   0   0   0
1995   4  16  16  16  16  19   0   0   0   0
1994   4  17  16  16  16  16   0  -1  -1  -1
1993   4  18  18  18  17  17   0   0   0   0
1992   4  16  16  17  17  18   0   0   0   0
1991   4  18  18  17  17  16   0   0   0   0
1990   4  18  18  18  19  19   0   0  -1  -1
1989   4  15  16  16  15  18   0   0   0   0
1988   4  19  18  17  16  15   0   0   0   0
1987   4  20  20  20  20  19   0   0   0   0
1986   4  23  22  22  22  20   0   0  -1   0
1985   4  26  26  24  24  23   0   0   0   0
1984   4  29  28  26  26  26   0   0   0   0
1983   4  33  32  31  30  29   0   0   0   0
1982   4  37  36  35  34  33   0   0   0   0
1981   4  40  39  38  37  37   0   0   0   0
1980   4  30  34  37  39  40   0   0   0   0
1979   4  25  27  28  29  30   0   0   0   0
1978   4  31  28  26  26  25   0   0   0   0
1976   4  31  30  31  31  31   0   0   0   0
1975   4  33  32  32  32  31   0   0   0   0
1974   4  38  36  36  36  33   0   0   0   0
1973   4  41  39  39  39  38   0   1   0   0
1972   4  43  44  46  46  46   0   0   0   0
