Year NDay Positions each day    ; Flags -1=norace, 1=bumped & got bumped
2023   4  23  24  25  26  27   0   0   0   0
2022   4  23  23  24  24  23   0   0   0   0
2019   4  23  22  22  23  23   0   0   0   0
2018   4  25  25  25  24  23   0   0   0   0
2017   4  27  27  27  26  25   0   0   0   0
2016   4  32  31  30  29  28   0   0   0   0
2015   4  32  31  31  31  32   0   0   0   0
2014   4  33  32  32  31  31   0   0   0   0
2013   4  35  34  33  33  34   0   0   0   0
2012   4  35  36  35  35  35   0   0   0   0
2011   4  34  34  34  35  35   0   0   0   0
2010   4  34  34  33  33  34   0   0   0   0
2009   4  38  38  36  35  34   0   0   0   0
2008   4  39  38  37  37  38   0   0   0   0
2007   4  43  42  41  40  39   0   0   0   0
2006   4  50  48  47  46  46   0   0   0   0
2005   4  49  50  49  48  49   0   0   0   0
2004   4  47  47  48  48  48   0   0   0   0
2003   4  47  47  48  48  48   0   0   0   0
2002   4  46  46  47  48  48   0   0   0   0
2001   4  42  43  44  44  45   0   0   0   0
2000   4  39  39  41  42  43  -1   0   0   0
1999   4  37  38  39  39  40   0   0   0   0
1998   4  41  40  39  38  37   0   0   0   0
1997   4  46  45  44  43  42   0   0   0   0
1996   4  51  51  50  49  48   0   0   0   0
1995   4  57  54  54  54  53   0   0   0   0
1994   4 999 999 999 999 999   0   0   0   0
1993   4 999 999 999 999 999   0   0   0   0
1992   4 999 999 999 999 999   0   0   0   0
1991   4 999 999 999 999 999   0   0   0   0
1990   4  43  42  41  40  39   0   0   0   0
1989   4  44  44  44  44  45   0   0   0   0
1988   4  42  43  44  45  45   0   0   0   0
1987   4  43  44  44  43  43   0   0   0   0
1986   4  42  42  43  44  44   0   0   0   0
1985   4  43  40  40  41  42   0   0   0   0
1984   4  40  41  42  43  43   0   0   0   0
1983   4 999 999 999 999 999   0   0   0   0
1982   4 999 999 999 999 999   0   0   0   0
1981   4 999 999 999 999 999   0   0   0   0
1980   4  25  25  25  25  25   0   0   0   0
