Year NDay Positions each day    ; Flags -1=norace, 1=bumped & got bumped
2023   4  60  59  58  58  56   0   0   0   0
2022   4  57  56  55  54  61   0   0   0   0
2021   4  46  48  49  51  52   0   0   0   0
2019   4  53  52  51  52  52   0   0   0   0
2018   4  54  54  54  54  54   0  -1   0  -1
2017   4  53  54  54  53  53   1   0   0   0
2016   4  60  58  57  56  55   0   0   0   0
2015   4  61  62  61  62  60   0   0   0   0
2013   4  73  72  71  71  69   0   0   0   0
2012   4 999 999 999 999 999   0   0   0   0
2011   4 999 999 999 999 999   0   0   0   0
2010   4 999 999 999 999 999   0   0   0   0
2009   4 999 999 999 999 999   0   0   0   0
2008   4 999 999 999 999 999   0   0   0   0
2006   4 999 999 999 999 999   0   0   0   0
2005   4 999 999 999 999 999   0   0   0   0
2004   4 999 999 999 999 999   0   0   0   0
2003   4 999 999 999 999 999   0   0   0   0
2001   4 999 999 999 999 999   0   0   0   0
1999   4  63  63  63  63  62  -1  -1  -1   0
1998   4 999 999 999 999 999   0   0   0   0
1997   4  64  63  62  60  59   0   0   0   0
1996   4  74  72  71  69  67   0   0   0   0
1995   4 999 999 999 999 999   0   0   0   0
1994   4 999 999 999 999 999   0   0   0   0
1993   4 999 999 999 999 999   0   0   0   0
1992   4 999 999 999 999 999   0   0   0   0
1991   4  75  72  70  68  67   0   0   0   0
1990   4 999 999 999 999 999   0   0   0   0
1989   4 999 999 999 999 999   0   0   0   0
1988   4  79  79  78  78  78   0   0   0   0
1987   4 999 999 999 999 999   0   0   0   0
1986   4 999 999 999 999 999   0   0   0   0
1985   4  80  79  77  76  75   0   0   0   0
1984   4 999 999 999 999 999   0   0   0   0
1983   4 999 999 999 999 999   0   0   0   0
1982   4  74  74  76  77  77   0   0   0   0
