Year NDay Positions each day    ; Flags -1=norace, 1=bumped & got bumped
2023   4  31  30  29  28  32   0   0   0   0
2022   4  34  32  31  31  31   0   0   0   1
2021   4  29  29  30  30  31   0   1   0   0
2019   4  32  32  32  33  33   0   0   0   0
2018   4  33  32  32  32  32   0  -1   0  -1
2017   4  32  31  32  33  32   0   0   0   0
2016   4  38  36  35  34  33   0   0   0   0
2015   4  42  40  39  38  38   0   0   0   0
2013   4  47  46  44  43  42   1   0   0   0
2012   4  51  51  50  48  47   0   0   0   0
2011   4  55  56  53  52  51   0   0   0   0
2010   4  56  56  56  55  55  -1  -1   0   0
2009   4  64  63  62  59  57   0   0   0   0
2008   4  65  64  63  63  64   0   0   0   1
2006   4  70  73  73  73  72   0   0   0   0
2005   4 999 999 999 999 999   0   0   0   0
2004   4  56  61  62  73  73   0   0   0   0
2003   4  58  57  56  54  54   0   0   0  -1
2001   4 999 999 999 999 999   0   0   0   0
1999   4  47  48  49  51  57   1   0   0   0
1998   4  46  44  47  48  48   0   0   0  -1
1997   4  51  48  47  45  45   0   0   0   0
1996   4  42  47  49  50  51   0   0   0   0
1995   4 999 999 999 999 999   0   0   0   0
1994   4  43  43  43  43  43   0  -1  -1  -1
1993   4 999 999 999 999 999   0   0   0   0
1992   4  42  41  41  43  43   0   0   0   0
1991   4  41  42  41  41  41   0   0   0   0
1990   4 999 999 999 999 999   0   0   0   0
1989   4  43  42  42  41  41   0   0   0   0
1988   4  45  43  42  43  43   0   0   0   0
1987   4  48  48  46  45  45   0   0   0   0
1986   4  52  51  50  50  48   0   0  -1   0
1985   4  46  49  50  51  52   0   0   0   0
1984   4  45  44  43  44  45   0   0   0   0
1983   4  49  48  47  46  45   0   0   0   0
1982   4  49  48  47  49  49   0   0   0   0
1981   4  52  51  50  50  49   0   0   0   0
1980   4  55  54  53  53  52   0   0   0   0
1979   4  53  53  55  54  55   1   0   0   0
1978   4 999 999 999 999 999   0   0   0   0
1976   4 999 999 999 999 999   0   0   0   0
1975   4  51  54  55  55  54   0   0   0   0
