Year NDay Positions each day    ; Flags -1=norace, 1=bumped & got bumped
2023   4  33  34  35  36  37   0   0   0   0
2022   4  36  35  34  34  33   0   0   0   0
2021   4  38  38  36  35  34   0   0   0   0
2019   4  45  44  44  43  42   0   0   0   0
2018   4  41  46  46  46  46   0  -1   0  -1
2017   4  44  43  42  41  41   0   0   0   1
2016   4  48  46  44  44  43   0   0   0   0
2015   4  57  56  54  53  52   0   0   0   0
2013   4 999 999 999 999 999   0   0   0   0
2012   4 999 999 999 999 999   0   0   0   0
2011   4 999 999 999 999 999   0   0   0   0
2010   4  55  55  55  54  54  -1  -1   0   0
2009   4  59  60  59  58  58   0   0   0   0
2008   4 999 999 999 999 999   0   0   0   0
2006   4 999 999 999 999 999   0   0   0   0
2005   4 999 999 999 999 999   0   0   0   0
2004   4 999 999 999 999 999   0   0   0   0
2003   4 999 999 999 999 999   0   0   0   0
2001   4 999 999 999 999 999   0   0   0   0
1999   4 999 999 999 999 999   0   0   0   0
1998   4  44  43  46  45  45   0   0   0  -1
1997   4  47  46  44  43  43   0   0   0   0
