Year NDay Positions each day    ; Flags -1=norace, 1=bumped & got bumped
2023   4  21  21  22  23  25   1   0   0   0
2022   4  23  22  21  21  21   0   0   0   0
2021   4  21  21  21  21  21   0   0   0   1
2019   4  21  21  20  21  23   0   0   0   0
2018   4  23  22  22  22  21   0  -1   0   0
2017   4  28  27  26  24  23   0   0   0   0
2016   4  32  31  30  29  28   0   0   0   0
2015   4  37  35  34  33  32   0   0   0   0
2013   4  39  39  38  38  37   0   0   0   0
2012   4  41  40  39  40  40   0   0   0   1
2011   4  35  37  39  40  42   0   0   0   0
2010   4  39  39  38  36  35  -1   0   0   0
2009   4  42  41  40  39  38   0   0   0   0
2008   4 999 999 999 999 999   0   0   0   0
2006   4  33  33  35  37  38   1   0   0   0
2005   4  37  36  35  34  33   0   0   0   0
2004   4  41  40  39  38  38   0   0   0   0
2003   4  34  37  39  41  41   0   0   0  -1
2001   4  29  29  29  29  29  -1   0   0   0
1999   4  33  35  35  36  36   0   1   0   0
1998   4  35  35  35  35  35   1   0   0  -1
1997   4  38  38  35  34  34   0   0   0   0
1996   4  43  42  40  39  38   0   0   0   0
1995   4 999 999 999 999 999   0   0   0   0
1994   4 999 999 999 999 999   0   0   0   0
1993   4 999 999 999 999 999   0   0   0   0
1992   4 999 999 999 999 999   0   0   0   0
1991   4 999 999 999 999 999   0   0   0   0
1989   4  44  43  43  43  42   0   0   0   0
1988   4  49  48  48  49  48   0   1   0   0
