Year NDay Positions each day    ; Flags -1=norace, 1=bumped & got bumped
2023   4   1   2   4   6   6   0   0   0   0
2022   4   1   1   1   1   1   0   0   0   0
2021   4   5   4   3   2   1   0   0   0   0
2019   4   7   7   6   6   6   0   0   0   0
2018   4   9   8   8   8   7   0  -1   0   0
2017   4   7   6   5   4   9   0   0   0   0
2016   4   9   9   8   7   7   0   0   0   0
2015   4  13  12  11  10   9   0   0   0   0
2013   4  15  14  12  13  13   0   0   0   0
2012   4  19  18  17  16  15   0   0   0   0
2011   4  21  23  21  20  19   0   0   0   0
2010   4  19  21  20  21  21   0   0   0   0
2009   4  22  21  20  19  18   0   0   0   0
2008   4  18  19  21  22  23   0   0   0   0
2006   4  13  14  16  16  18   0   0   0   0
2005   4   8   8  12  12  13   1   0   0   0
2004   4  12  10   9   9   8   0   0   0   0
2003   4  13  14  12  12  12   0   0   0  -1
2001   4  10  10  10  11  12   0   1   0   0
1999   4  14  15  14  12  12   0   0   0   0
1998   4  13  14  13  14  14   0   0   0  -1
1997   4  17  16  15  14  13   0   0   0   0
1996   4  18  19  19  18  18   0   1   0   0
1995   4 999 999 999 999 999   0   0   0   0
1994   4  13  18  18  18  18   0  -1  -1  -1
1993   4   5   8   8   9  13   0   0   0   0
1992   4   7   6   5   5   5   0   0   0   0
1991   4  10  10   9   8   7   0   0   0   0
1989   4  17  15  14  11  10   0   0   0   0
1988   4  20  19  19  18  17   0   1   0   0
1987   4  18  19  19  20  20   0   0   0   1
1986   4  21  20  19  19  18   0   0  -1   0
1985   4  18  19  20  21  21   0   0   0   0
1984   4  14  15  15  17  18   0   0   0   0
1983   4   5   8  10  13  14   0   0   0   0
1982   4  10  10   8   6   5   0   0   0   0
1981   4   8   8  10  11  10   0   0   0   0
1980   4   5   5   6   6   8   0   0   0   0
1979   4   9   6   5   4   5   0   0   0   0
