Year NDay Positions each day    ; Flags -1=norace, 1=bumped & got bumped
2023   4  42  42  42  41  41   0   0   0   0
2022   4  47  46  45  44  43   0   0   0   0
2019   4  47  48  48  47  47   0   0   0   0
2018   4  46  45  45  46  47   0   0   0   0
2017   4  44  44  45  46  46   0   0   0   0
2016   4  46  45  44  44  44   0   0   0   0
2015   4  48  47  47  46  46   0   0   0   0
2014   4  45  45  46  47  48   0   0   0   0
2013   4  46  46  45  45  45   0   0   0   0
2012   4  48  47  46  47  46   0   0   0   0
2011   4  51  50  50  49  48   0   0   0   0
2010   4  55  54  53  52  51   0   0   0   0
2009   4  58  57  56  55  55   0   0   0   0
2008   4  62  58  58  58  57   0   0   0   0
2007   4  66  65  65  65  64   0   0   0   0
2006   4  65  65  65  66  66   0   0   0   0
2005   4  65  65  66  67  67   0   0   0   0
2004   4  63  64  64  65  65   0   0   0   0
2003   4  67  67  66  66  65   0   0   0   0
2002   4  65  66  67  67  68   0   0   0   0
2001   4  60  61  62  63  64   0   0   0   0
2000   4  57  58  59  60  61   0   0   0   0
1999   4  57  57  56  56  57   0   0   0   0
1998   4  51  54  54  55  56   0   0   0   0
1997   4  53  52  52  53  53   0   0   0   0
1996   4  54  54  53  53  53   0   0   0   0
1995   4  49  50  51  52  53   0   0   0   0
1994   4  50  49  48  49  49   0   0   0   0
1993   4  48  49  49  49  50   0  -1  -1   0
1992   4  47  46  46  47  48   0   0   0   0
1991   4  52  51  50  48  47   0   0   0   0
1990   4  55  54  53  52  51   0   0   0   0
1989   4  58  57  56  55  55   0   0   0   0
1988   4  62  61  60  59  58   0   0   0   0
1987   4  65  65  64  63  62   0   0   0   0
1986   4  69  68  67  66  65   0   0   0   0
1985   4  73  72  73  70  69   0   0   0   0
1984   4  76  76  76  75  74   0   0   0   0
1983   4  80  80  80  81  80   0   0   0   0
1982   4  84  83  82  82  83   0   0   0   0
1981   4 100 100 100 100  99   0   0   0   0
1980   4  96  97  97  98  99   0   0   0   0
1979   4 102 102 103 104 105   0   0   0   0
1978   4  86  86  85  84  83   0   0   0   0
1977   4  89  89  88  87  87   0   0   0   0
1976   4  93  92  91  90  89   0   0   0   0
1975   4  98  96  95  94  93   0   0   0   0
1974   4 102 101 101 100 100   0   0   0   0
