Year NDay Positions each day    ; Flags -1=norace, 1=bumped & got bumped
2023   4   3   4   5   6   7   0   0   0   0
2022   4   1   1   1   2   3   0   0   0   0
2019   4   3   2   1   1   1   0   0   0   0
2018   4   6   5   4   3   3   0   0   0   0
2017   4   7   7   7   6   6   0   0   0   0
2016   4  10   9   8   7   7   0   0   0   0
2015   4  10  10  10  10  10   0   0   0   0
2014   4  13  12  11  10  10   0   0   0   0
2013   4  14  14  14  15  13   0   0   0   0
2012   4  15  15  14  14  14   0   0   0   0
2011   4  18  18  17  16  15   0   0   0   0
2010   4  18  17  17  17  18   0   0   0   0
2009   4  19  18  17  18  18   0   0   0   0
2008   4  22  21  20  20  19   0   0   0   0
2007   4  25  25  24  23  22   0   0   0   0
2006   4  25  25  24  25  25   0   0   0   0
2005   4  22  23  24  25  25   0   0   0   0
2004   4  19  20  21  22  22   0   0   0   0
2003   4  18  18  19  19  19   0   0   0   0
2002   4  16  16  17  17  18   0   0   0   0
2001   4  13  14  14  15  16   0   0   0   0
2000   4  13  14  13  13  13   0   0   0   0
1999   4  12  12  12  13  13   0   0   0   0
1998   4  10  11  12  12  12   0   0   0   0
1997   4  10  10  11  11  10   0   0   0   0
1996   4  14  12  11  11  10   0   0   0   0
1995   4  14  14  15  15  14   0   0   0   0
1994   4  11  12  12  13  14   0   0   0   0
1993   4   7   8   9  10  11   0   0   0   0
1992   4   4   5   6   6   7   0   0   0   0
1991   4   7   6   5   4   4   0   0   0   0
1990   4   9   9   8   8   7   0   0   0   0
1989   4  11  10   9   9   9   0   0   0   0
1988   4  13  14  13  12  11   0   0   0   0
1987   4  14  13  12  13  13   0   0   0   0
1986   4  18  17  16  15  14   0   0   0   0
1985   4  17  17  18  18  18   0   0   0   0
1984   4  13  14  15  16  17   0   0   0   0
1983   4   9  10  11  12  13   0   0   0   0
1982   4   6   7   8   9   9   0   0   0   0
1981   4   3   3   4   5   6   0   0   0   0
1980   4   7   6   5   4   3   0   0   0   0
1979   4   8   9   9   9   8   0   0   0   0
1978   4   5   5   6   7   8   0   0   0   0
1977   4   4   5   6   6   5   0   0   0   0
1976   4   4   4   4   4   4   0   0   0   0
