Year NDay Positions each day    ; Flags -1=norace, 1=bumped & got bumped
2023   4   5   4   4   4   4   0   0   0   0
2022   4   7   6   5   5   5   0   0   0   0
2019   4   6   6   6   7   7   0   0   0   0
2018   4   5   6   6   6   6   0   0   0   0
2017   4   5   5   5   5   5   0   0   0   0
2016   4   5   4   4   5   5   0   0   0   0
2015   4   7   6   5   5   5   0   0   0   0
2014   4   5   6   7   7   7   0   0   0   0
2013   4   4   4   4   5   5   0   0   0   0
2012   4   4   4   4   4   4   0   0   0   0
2011   4   8   7   6   5   4   0   0   0   0
2010   4  12  11  10   9   8   0   0   0   0
2009   4  16  16  15  14  12   0   0   0   0
2008   4  20  19  18  17  16   0   0   0   0
2007   4  22  22  22  21  20   0   0   0   0
2006   4  26  24  23  22  22   0   0   0   0
2005   4  26  26  26  26  26   0   0   0   0
2004   4  23  24  25  26  26   0   0   0   0
2003   4  24  24  23  23  23   0   0   0   0
2002   4  26  26  26  25  24   0   0   0   0
2001   4  26  26  25  25  26   0   0   0   0
2000   4  27  26  26  26  26   0   0   0   0
1999   4  25  26  26  27  27   0   0   0   0
1998   4  26  25  25  25  25   0   0   0   0
1997   4  24  25  25  26  27   0   0   0   0
1996   4  26  24  24  24  24   0   0   0   0
1995   4  22  25  25  25  26   0   0   0   0
1994   4  21  21  21  22  22   0   0   0   0
1993   4  19  19  20  20  21   0   0   0   0
1992   4  17  18  18  19  19   0   0   0   0
1991   4  20  19  18  17  17   0   0   0   0
1990   4  21  20  19  19  20   0   0   0   0
1989   4  23  23  22  21  21   0   0   0   0
1988   4  24  25  25  24  23   0   0   0   0
1987   4  22  23  23  23  24   0   0   0   0
1986   4  25  24  23  22  22   0   0   0   0
1985   4  27  26  25  25  25   0   0   0   0
1984   4  30  30  29  28  27   0   0   0   0
1983   4  32  31  30  30  30   0   0   0   0
1982   4  36  35  34  33  32   0   0   0   0
1981   4  34  35  35  36  36   0   0   0   0
1980   4  36  36  35  34  34   0   0   0   0
1979   4  37  38  38  37  36   0   0   0   0
1978   4  37  37  37  37  37   0   0   0   0
1977   4  36  37  37  37  37   0   0   0   0
1976   4  41  40  39  38  36   0   0   0   0
1975   4  44  44  43  42  41   0   0   0   0
1974   4  48  47  46  45  44   0   0   0   0
1973   4  88  87  87  86  82   0   0   0   0
1972   4  93  92  91  90  89   0   0   0   0
1971   4  96  96  95  94  93   0   0   0   0
1970   4  93  93  94  95  98   0   0   0   0
1969   4  97  98  97  98  97   0   0   0   0
