Year NDay Positions each day    ; Flags -1=norace, 1=bumped & got bumped
2023   4  73  72  71  69  67   0   0   0   0
2022   4 999 999 999 999 999   0   0   0   0
2021   4 999 999 999 999 999   0   0   0   0
2019   4 999 999 999 999 999   0   0   0   0
2018   4  68  66  66  66  66   0  -1   0  -1
2017   4  58  61  65  71  73   0   0   0   0
2016   4  50  51  55  58  60   0   0   0   0
2015   4  40  46  49  49  50   0   0   0   0
2013   4  43  42  41  40  40   0   0   0   0
2012   4  47  46  45  44  43   0   0   0   0
2011   4  48  47  47  47  47   0   0   1   0
2010   4  45  45  49  48  48  -1   0   0   0
2009   4  49  48  47  46  45   0   0   0   0
2008   4  47  47  49  49  49   1   0   0   0
2006   4  54  53  52  51  50   0   0   0   0
2005   4  59  58  57  55  54   0   0   0   0
2004   4  54  55  56  58  60   0   0   0   0
2003   4  52  53  53  52  52   0   0   0  -1
2001   4  49  49  48  47  47  -1   0   1   0
1999   4  46  49  57  60  61   0   0   0   0
1998   4  50  50  48  47  47   0   0   0  -1
1997   4  41  42  45  48  49   0   0   0   0
1996   4  35  37  37  38  41   0   0   0   0
1995   4 999 999 999 999 999   0   0   0   0
1994   4  35  36  36  36  36   0  -1  -1  -1
1993   4  36  35  34  33  35   0   0   0   0
1992   4  41  40  39  38  36   0   0   0   0
1991   4  36  37  39  40  40   0   0   0   0
1990   4 999 999 999 999 999   0   0   0   0
1989   4  37  36  37  38  36   0   0   0   0
1988   4  32  33  35  37  37   0   0   0   0
1987   4  33  32  32  31  32   0   0   0   0
1986   4  28  30  31  31  33   0   0  -1   0
1985   4  33  32  31  29  28   0   0   0   0
1984   4  34  35  35  33  33   0   0   0   0
1983   4  35  34  33  34  34   0   0   0   0
1982   4  40  39  38  36  35   0   0   0   0
1981   4  44  43  42  41  40   0   0   0   0
1980   4  48  47  46  45  44   0   0   0   0
1979   4  55  54  51  49  48   0   0   0   0
1978   4  57  58  55  55  55   0   0   0   0
1976   4 999 999 999 999 999   0   0   0   0
1975   4 999 999 999 999 999   0   0   0   0
1974   4  41  41  42  44  43   0   0   0   0
1973   4  44  44  44  41  41   0   0   0   0
1972   4  47  50  51  49  49   0   0   0   0
1971   4  48  48  50  49  48   1   0   0   0
1970   4  24  24  25  26  27   0   0   0   0
1969   4  27  27  26  25  24   0   0   0   0
1968   4  33  29  28  27  27   0   0   0   0
1967   4  44  43  39  36  33   0   0   0   0
1966   4 999 999 999 999 999   0   0   0   0
1965   4  33  32  34  35  35   0   0   0   0
1964   4  38  36  35  34  34   0   0   0   0
1962   4  38  39  40  41  41   0   0   0   0
1961   4  41  40  40  38  38   0   0   0   0
1960   4  43  43  41  41  40   0   0   0   0
1959   4 999 999 999 999 999   0   0   0   0
1958   4  28  28  29  30  30   0   0   0   0
1957   4  30  30  29  29  28   0   0   0   0
1956   4  26  27  28  29  30   0   0   0   0
1955   6  30  30  29  29  28  27  26   0   0   0   0   0   0
1954   6  35  34  33  32  31  30  31   0   0   0   0   0   0
1953   6  40  39  39  38  37  36  35   0   0   0   0   0   0
1952   6  37  37  37  38  39  40  40   0   0   0   0   0   0
1951   6  35  35  36  37  37  37  37   0   0   0   0   0   0
1950   6  41  41  40  39  35  35  35   0   0   0   0   0   0
1949   4  46  45  44  43  42   0   0   0   0
1948   6 999 999 999 999 999 999 999   0   0   0   0   0   0
1947   6  34  35  35  36  36  37  38   0   0   0   0   0   0
1946   6 999 999 999 999 999 999 999   0   0   0   0   0   0
1938   6  39  40  40  41  42  43  43   0   0   0   0   0   0
1937   6  38  38  38  39  39  39  40   0   0   0   0   0   0
1936   6  38  39  40  40  41  40  39   0   0   0   0   0   0
1935   6  41  39  39  38  37  37  38   0   0   0   0   0   0
1934   6 999 999 999 999 999 999 999   0   0   0   0   0   0
1933   6  34  33  33  33  34  33  33   0   0   0   0   0   0
1932   6  37  36  36  37  37  36  35   0   0   0   0   0   0
1931   6 999 999 999 999 999 999 999   0   0   0   0   0   0
1930   6  33  32  32  33  33  33  32   0   0   0   0   0   0
1929   4 999 999 999 999 999   0   0   0   0
1928   6 999 999 999 999 999 999 999   0   0   0   0   0   0
1927   6  27  28  29  30  31  32  32   0   0   0   0   0   0
1926   6  22  23  24  25  26  26  27   0   0   0   0   0   0
1925   6  18  19  20  21  21  21  22   0   0   0   0   0   0
1924   6  22  21  20  20  19  19  18   0   0   0   0   0   0
1923   6  27  26  26  25  24  23  22   0   0   0   0   0   0
1922   6  32  32  31  31  30  29  28   0   0   0   0   0   0
1921   6  35  35  34  33  32  32  32   0   0   0   0   0   0
1920   6 999 999 999 999 999 999 999   0   0   0   0   0   0
1914   6 999 999 999 999 999 999 999   0   0   0   0   0   0
1913   6 999 999 999 999 999 999 999   0   0   0   0   0   0
1912   6 999 999 999 999 999 999 999   0   0   0   0   0   0
1911   6 999 999 999 999 999 999 999   0   0   0   0   0   0
1910   6 999 999 999 999 999 999 999   0   0   0   0   0   0
1909   6 999 999 999 999 999 999 999   0   0   0   0   0   0
1908   6 999 999 999 999 999 999 999   0   0   0   0   0   0
1907   6 999 999 999 999 999 999 999   0   0   0   0   0   0
1906   6 999 999 999 999 999 999 999   0   0   0   0   0   0
1905   6 999 999 999 999 999 999 999   0   0   0   0   0   0
1904   6 999 999 999 999 999 999 999   0   0   0   0   0   0
1903   6 999 999 999 999 999 999 999   0   0   0   0   0   0
1902   6 999 999 999 999 999 999 999   0   0   0   0   0   0
1901   6 999 999 999 999 999 999 999   0   0   0   0   0   0
1900   6 999 999 999 999 999 999 999   0   0   0   0   0   0
1899   6 999 999 999 999 999 999 999   0   0   0   0   0   0
1898   6 999 999 999 999 999 999 999   0   0   0   0   0   0
1897   6 999 999 999 999 999 999 999   0   0   0   0   0   0
1896   6 999 999 999 999 999 999 999   0   0   0   0   0   0
1894   6 999 999 999 999 999 999 999   0   0   0   0   0   0
1893   6 999 999 999 999 999 999 999   0   0   0   0   0   0
1892   6 999 999 999 999 999 999 999   0   0   0   0   0   0
1891   6 999 999 999 999 999 999 999   0   0   0   0   0   0
1890   6 999 999 999 999 999 999 999   0   0   0   0   0   0
1889   6 999 999 999 999 999 999 999   0   0   0   0   0   0
1888   6 999 999 999 999 999 999 999   0   0   0   0   0   0
1887   6 999 999 999 999 999 999 999   0   0   0   0   0   0
1886   6 999 999 999 999 999 999 999   0   0   0   0   0   0
1885   6 999 999 999 999 999 999 999   0   0   0   0   0   0
1884   6 999 999 999 999 999 999 999   0   0   0   0   0   0
1883   6 999 999 999 999 999 999 999   0   0   0   0   0   0
1882   6 999 999 999 999 999 999 999   0   0   0   0   0   0
1881   6 999 999 999 999 999 999 999   0   0   0   0   0   0
1880   6 999 999 999 999 999 999 999   0   0   0   0   0   0
1879   6 999 999 999 999 999 999 999   0   0   0   0   0   0
1878   6 999 999 999 999 999 999 999   0   0   0   0   0   0
1877   6 999 999 999 999 999 999 999   0   0   0   0   0   0
1876   6 999 999 999 999 999 999 999   0   0   0   0   0   0
1875   6 999 999 999 999 999 999 999   0   0   0   0   0   0
1874   6 999 999 999 999 999 999 999   0   0   0   0   0   0
1873   6 999 999 999 999 999 999 999   0   0   0   0   0   0
1872   6 999 999 999 999 999 999 999   0   0   0   0   0   0
1871   6 999 999 999 999 999 999 999   0   0   0   0   0   0
1870   6 999 999 999 999 999 999 999   0   0   0   0   0   0
1869   6 999 999 999 999 999 999 999   0   0   0   0   0   0
1868   6 999 999 999 999 999 999 999   0   0   0   0   0   0
1867   6 999 999 999 999 999 999 999   0   0   0   0   0   0
1866   6 999 999 999 999 999 999 999   0   0   0   0   0   0
1865   5 999 999 999 999 999 999   0   0   0   0   0
1864   6 999 999 999 999 999 999 999   0   0   0   0   0   0
1863   6 999 999 999 999 999 999 999   0   0   0   0   0   0
1862   6 999 999 999 999 999 999 999   0   0   0   0   0   0
1861   6 999 999 999 999 999 999 999   0   0   0   0   0   0
1860   6 999 999 999 999 999 999 999   0   0   0   0   0   0
1859   6 999 999 999 999 999 999 999   0   0   0   0   0   0
1858   6 999 999 999 999 999 999 999   0   0   0   0   0   0
1857   6 999 999 999 999 999 999 999   0   0   0   0   0   0
1856   6 999 999 999 999 999 999 999   0   0   0   0   0   0
1855   6 999 999 999 999 999 999 999   0   0   0   0   0   0
1854   6 999 999 999 999 999 999 999   0   0   0   0   0   0
1853   6 999 999 999 999 999 999 999   0   0   0   0   0   0
1852   6 999 999 999 999 999 999 999   0   0   0   0   0   0
1851   8 999 999 999 999 999 999 999 999 999   0   0   0   0   0   0   0   0
1850   8 999 999 999 999 999 999 999 999 999   0   0   0   0   0   0   0   0
1849   7 999 999 999 999 999 999 999 999   0   0   0   0   0   0   0
1848   6 999 999 999 999 999 999 999   0   0   0   0   0   0
1847   7 999 999 999 999 999 999 999 999   0   0   0   0   0   0   0
1846   6 999 999 999 999 999 999 999   0   0   0   0   0   0
1845   6 999 999 999 999 999 999 999   0   0   0   0   0   0
1844   6 999 999 999 999 999 999 999   0   0   0   0   0   0
1843   7  12  12  12  10 999 999 999 999  -1  -1   0   0   0   0   0
