Year NDay Positions each day    ; Flags -1=norace, 1=bumped & got bumped
2023   4  80  81  80  80  80   0   0   0   0
2022   4 999 999 999 999 999   0   0   0   0
2019   4 999 999 999 999 999   0   0   0   0
2018   4 999 999 999 999 999   0   0   0   0
2017   4  75  74  73  72  71   0   0   0   0
2016   4 999 999 999 999 999   0   0   0   0
2015   4  58  59  60  61  61   0   0   0   0
2014   4  55  56  57  58  59   0   0   0   0
2013   4  62  61  60  59  58   0   0   0   0
2012   4  62  63  62  62  63   0   0   0   0
2011   4  62  62  62  62  63   0   0   0   0
2010   4  69  69  69  70  70   0   0   0   0
2009   4 999 999 999 999 999   0   0   0   0
2008   4 999 999 999 999 999   0   0   0   0
2007   4 999 999 999 999 999   0   0   0   0
2006   4  55  55  58  57  56   0   0   0   0
2005   4  53  54  55  55  55   0   0   0   0
2004   4  55  54  53  52  52   0   0   0   0
2003   4  61  61  61  61  61   0   0   0   0
2002   4  69  69  69  68  67   0   0   0   0
2001   4 999 999 999 999 999   0   0   0   0
2000   4 999 999 999 999 999   0   0   0   0
1999   4 999 999 999 999 999   0   0   0   0
1998   4 999 999 999 999 999   0   0   0   0
1997   4 999 999 999 999 999   0   0   0   0
1996   4 999 999 999 999 999   0   0   0   0
1995   4 999 999 999 999 999   0   0   0   0
1994   4 999 999 999 999 999   0   0   0   0
1993   4 999 999 999 999 999   0   0   0   0
1992   4 999 999 999 999 999   0   0   0   0
1991   4 999 999 999 999 999   0   0   0   0
1990   4 999 999 999 999 999   0   0   0   0
1989   4 999 999 999 999 999   0   0   0   0
1988   4 999 999 999 999 999   0   0   0   0
1987   4  54  53  52  52  51   0   0   0   0
