Year NDay Positions each day    ; Flags -1=norace, 1=bumped & got bumped
2023   4  31  31  30  29  28   0   0   0   0
2022   4  34  33  33  32  31   0   0   0   0
2021   4  24  27  28  32  32   0   0   0   0
2019   4  26  26  26  25  26   0   0   0   0
2018   4  24  25  25  25  26   0  -1   0   0
2017   4  21  22  21  22  24   0   0   0   0
2016   4  12  13  15  21  21   0   0   0   1
2015   4  12  13  12  13  12   0   0   0   0
2013   4   9  10   9  10  12   0   0   0   0
2012   4  10   9   9  10   9   0   0   0   0
2011   4  15  14  12  11  10   0   0   0   0
2010   4  20  18  17  16  15   0   0   0   0
2009   4  17  16  16  18  19   0   0   0   0
2008   4   9  10  13  17  18   0   0   0   0
2006   4  14  12  10  10   9   0   0   0   0
2005   4  15  16  16  15  14   0   0   0   0
2004   4  18  17  17  16  15   0   0   0   0
2003   4  20  19  18  17  17   0   0   0  -1
2001   4  24  22  21  20  19   0   0   0   0
1999   4  21  20  22  23  25   0   0   0   0
1998   4  20  20  21  22  22   1   0   0  -1
1997   4  16  17  18  19  19   0   0   0   0
1996   4  12  12  13  14  17   0   0   0   0
1995   4  13  13  13  13  12   0   0   0   0
1994   4  14  13  13  13  13   0  -1  -1  -1
1993   4  12  12  12  13  14   1   0   0   0
1992   4  17  16  14  12  12   0   0   0   0
1991   4  14  14  16  16  17   0   0   0   0
1989   4  15  14  13  14  14   0   0   0   0
1988   4   9  11  13  15  15   0   0   0   0
1987   4   9   8   8   8   9   0   0   0   0
1986   4   8   8   9   9   9   0   0  -1   0
1985   4   7   6   7   7   8   0   0   0   0
1984   4   7   7   8   8   7   0   0   0   0
1983   4  11  10   9   8   7   0   0   0   0
1982   4  13  12  12  11  11   0   0   0   0
1981   4  17  16  15  14  13   0   0   0   0
1980   4  20  20  19  18  17   1   0   0   0
