Year NDay Positions each day    ; Flags -1=norace, 1=bumped & got bumped
2023   4  43  41  39  38  36   0   0   0   0
2022   4  47  46  45  45  44   0   0   1   0
2021   4  45  44  46  46  47   0   0   0   0
2019   4  46  49  49  50  50   0   0   0   1
2018   4  48  47  47  47  47   0  -1   0  -1
2017   4  42  41  44  46  49   0   0   0   0
2016   4 999 999 999 999 999   0   0   0   0
2015   4  41  40  45  44  42   0   0   0   0
2013   4  35  37  39  40  41   0   0   0   0
2012   4  33  33  34  35  36   0   0   0   0
2011   4  37  36  35  34  33   0   0   0   0
2010   4  40  40  39  38  37  -1   0   0   0
2009   4  34  37  38  38  39   0   0   0   0
2008   4  36  35  34  34  34   0   0   0   0
2006   4  42  42  43  42  40   0   0   0   0
2005   4  47  46  45  44  43   0   0   0   0
2004   4  47  46  45  44  49   0   0   0   0
2003   4  53  51  50  48  48   0   0   0  -1
2001   4 999 999 999 999 999   0   0   0   0
1999   4 999 999 999 999 999   0   0   0   0
1998   4  61  61  60  59  59   0   0   0  -1
1997   4 999 999 999 999 999   0   0   0   0
1996   4 999 999 999 999 999   0   0   0   0
1995   4 999 999 999 999 999   0   0   0   0
1994   4 999 999 999 999 999   0   0   0   0
1993   4 999 999 999 999 999   0   0   0   0
1992   4 999 999 999 999 999   0   0   0   0
1991   4 999 999 999 999 999   0   0   0   0
1989   4  47  48  49  49  50   1   0   0   0
1988   4 999 999 999 999 999   0   0   0   0
1987   4 999 999 999 999 999   0   0   0   0
1986   4  38  41  40  40  39   0   0  -1   0
