Year NDay Positions each day    ; Flags -1=norace, 1=bumped & got bumped
2023   4  52  51  50  48  47   0   0   0   0
2022   4  47  47  48  49  52   0   0   0   0
2019   4 999 999 999 999 999   0   0   0   0
2018   4  38  39  40  41  41   0   0   0   0
2017   4  38  38  39  39  39   0   0   0   0
2016   4  35  36  37  38  39   0   0   0   0
2015   4  39  38  37  36  35   0   0   0   0
2014   4  39  40  40  39  38   0   0   0   0
2013   4  40  41  40  39  40   0   0   0   0
2012   4  42  41  41  40  40   0   0   0   0
2011   4  46  45  44  43  42   0   0   0   0
2010   4  50  49  48  49  46   0   0   0   0
2009   4  49  50  51  51  50   0   0   0   0
2008   4  44  45  46  47  48   0   0   0   0
2007   4  40  41  42  43  44   0   0   0   0
2006   4  42  43  43  42  41   0   0   0   0
2005   4  41  40  40  41  41   0   0   0   0
2004   4  44  43  43  42  41   0   0   0   0
2003   4  50  48  47  46  45   0   0   0   0
2002   4  55  54  53  52  52   0   0   0   0
2001   4  58  58  57  56  55   0   0   0   0
2000   4 999 999 999 999 999   0   0   0   0
1999   4 999 999 999 999 999   0   0   0   0
1998   4  60  59  59  59  59   0   0   0   0
1997   4 999 999 999 999 999   0   0   0   0
1996   4 999 999 999 999 999   0   0   0   0
1995   4  47  47  48  49  49   0   0   0   0
1994   4  51  50  51  52  52   0   0   0   0
1993   4  60  61  61  61  61   0  -1  -1   0
1992   4 999 999 999 999 999   0   0   0   0
1991   4  50  51  52  52  53   0   0   0   0
1990   4  53  54  54  55  56   0   0   0   0
1989   4  56  57  58  59  59   0   0   0   0
1988   4 999 999 999 999 999   0   0   0   0
1987   4  48  49  50  51  52   0   0   0   0
1986   4  51  52  52  52  51   0   0   0   0
1985   4  55  56  57  57  57   0   0   0   0
1984   4 999 999 999 999 999   0   0   0   0
1983   4  29  29  29  28  28   0   0   0   0
1982   4  43  44  44  44  43   0   0   0   0
